0 0 0 1
0 0 1 1
0 0 2 1
0 0 3 1
0 1 0 1
0 1 1 1
0 1 2 1
0 1 3 1
0 2 0 1
0 2 1 1
0 2 2 1
0 2 3 1
0 3 0 1
0 3 1 1
0 3 2 1
0 3 3 1
1 0 0 1
1 0 1 1
1 0 2 1
1 0 3 1
1 1 0 1
1 1 1 1
1 1 2 1
1 1 3 1
1 2 0 1
1 2 1 1
1 2 2 1
1 2 3 1
1 3 0 1
1 3 1 1
1 3 2 1
1 3 3 1
2 0 0 1
2 0 1 1
2 0 2 1
2 0 3 1
2 1 0 1
2 1 1 1
2 1 2 1
2 1 3 1
2 2 0 1
2 2 1 1
2 2 2 1
2 2 3 1
2 3 0 1
2 3 1 1
2 3 2 1
2 3 3 1
3 0 0 1
3 0 1 1
3 0 2 1
3 0 3 1
3 1 0 1
3 1 1 1
3 1 2 1
3 1 3 1
3 2 0 1
3 2 1 1
3 2 2 1
3 2 3 1
3 3 0 1
3 3 1 1
3 3 2 1
3 3 3 1
5 5 5 1
5 5 6 1
5 5 7 1
5 5 8 1
5 6 5 1
5 6 6 1
5 6 7 1
5 6 8 1
5 7 5 1
5 7 6 1
5 7 7 1
5 7 8 1
5 8 5 1
5 8 6 1
5 8 7 1
5 8 8 1
6 5 5 1
6 5 6 1
6 5 7 1
6 5 8 1
6 6 5 1
6 6 6 1
6 6 7 1
6 6 8 1
6 7 5 1
6 7 6 1
6 7 7 1
6 7 8 1
6 8 5 1
6 8 6 1
6 8 7 1
6 8 8 1
7 5 5 1
7 5 6 1
7 5 7 1
7 5 8 1
7 6 5 1
7 6 6 1
7 6 7 1
7 6 8 1
7 7 5 1
7 7 6 1
7 7 7 1
7 7 8 1
7 8 5 1
7 8 6 1
7 8 7 1
7 8 8 1
8 5 5 1
8 5 6 1
8 5 7 1
8 5 8 1
8 6 5 1
8 6 6 1
8 6 7 1
8 6 8 1
8 7 5 1
8 7 6 1
8 7 7 1
8 7 8 1
8 8 5 1
8 8 6 1
8 8 7 1
8 8 8 1

