4 46
18 46
47 52
47 74
70 74
47 79
46 94
24 98
34 98
12 103
43 108
67 110
43 121
21 129
43 130
67 136
47 140
70 148
74 148
79 148
112 148
46 153
37 166
154 167
67 180
42 183
90 186
81 188
47 192
157 198
79 202
148 202
46 215
198 215
161 219
218 219
148 222
186 231
44 243
167 243
222 246
87 249
81 251
47 252
81 253
188 253
47 261
47 265
221 266
47 275
152 276
59 280
43 281
47 281
43 284
46 284
108 284
47 285
4 292
47 296
47 297
65 299
186 299
250 299
213 303
62 306
47 310
152 318
190 318
156 320
201 321
127 325
158 326
319 328
46 329
321 330
138 332
47 333
236 337
337 341
43 342
46 342
47 342
186 343
43 354
46 354
43 356
28 367
43 367
103 367
187 367
47 368
47 370
7 371
81 377
87 377
181 377
325 377
186 380
299 380
336 386
326 387
47 389
43 392
47 392
26 395
120 395
154 396
167 396
232 399
286 400
192 402
43 405
47 408
98 408
368 414
152 415
41 420
106 420
261 420
408 420
259 423
47 424
188 424
299 425
93 426
165 426
387 426
198 431
67 435
19 436
46 439
197 439
43 448
230 451
258 453
43 455
46 455
47 455
198 455
292 455
455 456
243 457
46 464
186 467
299 467
243 472
256 472
260 472
229 474
56 475
86 475
328 475
426 475
444 475
61 476
238 476
289 476
366 476
47 477
43 479
400 483
395 484
400 494
186 499
476 502
453 504
175 505
43 508
175 509
438 509
184 513
487 513
409 515
469 518
476 521
47 528
148 528
455 531
367 537
351 538
119 539
225 539
282 539
367 539
379 539
473 539
91 549
47 551
453 553
321 554
476 555
292 556
362 556
299 558
47 560
292 560
342 561
299 562
343 562
361 563
420 565
47 569
43 570
47 570
218 570
414 570
67 572
486 572
47 573
512 573
385 574
43 575
148 576
160 580
465 582
61 587
174 587
236 587
238 587
278 587
283 587
341 587
363 587
384 587
447 587
476 587
522 587
544 587
555 587
156 588
346 588
387 588
446 588
573 589
588 592
587 593
198 606
335 606
528 608
475 609
539 610
107 614
62 615
40 617
466 617
453 618
592 619
476 620
47 621
74 621
148 621
246 621
43 622
47 622
414 622
47 623
148 623
275 623
348 627
363 627
475 627
188 629
46 632
47 632
245 635
88 638
160 641
43 644
455 647
156 650
320 650
588 650
49 654
152 656
186 658
280 662
46 663
237 664
450 664
578 664
631 664
509 665
264 666
454 666
436 671
299 672
43 673
46 673
198 673
539 673
563 673
589 673
47 674
89 675
330 675
43 677
47 679
420 680
613 683
563 684
627 685
47 686
186 691
413 691
478 692
372 694
47 695
74 695
149 696
408 697
143 698
267 701
539 701
47 702
455 702
186 709
426 710
247 713
367 713
610 713
700 713
267 717
43 719
47 719
62 719
70 719
130 719
148 719
159 719
261 719
284 719
321 719
389 719
440 719
497 719
528 719
623 719
679 719
299 720
365 723
393 723
219 730
43 732
603 732
284 734
644 734
218 737
184 740
513 740
43 741
46 741
439 744
46 748
646 748
668 748
40 751
657 751
476 752
587 752
460 753
102 754
397 754
533 754
633 754
413 756
47 757
72 757
297 757
47 758
426 759
475 760
389 763
491 763
47 767
175 768
694 772
137 775
169 775
323 775
343 775
527 775
43 777
198 777
603 777
754 778
589 780
245 783
725 785
622 787
349 789
587 792
513 796
175 797
725 797
734 797
797 798
218 799
380 804
579 804
513 807
47 808
98 808
192 808
333 808
767 808
246 809
397 809
754 809
147 810
589 810
474 812
186 813
99 814
47 815
302 816
367 820
102 822
397 822
476 823
587 823
791 828
476 829
587 829
87 831
742 831
492 833
186 835
353 837
321 838
382 838
554 838
719 838
67 839
634 839
219 842
67 843
47 847
679 847
616 851
694 852
583 854
591 854
645 854
664 854
673 854
719 854
777 854
394 855
476 856
186 858
299 858
475 858
721 858
775 858
775 859
413 861
432 862
29 863
80 864
694 864
220 865
379 865
672 865
710 865
775 865
43 868
46 873
590 873
408 875
209 876
413 878
535 881
837 882
775 884
47 885
74 885
148 885
293 885
497 885
501 885
695 885
763 885
67 890
47 892
528 892
47 893
70 893
148 893
181 893
199 893
277 893
285 893
304 893
360 893
389 893
497 893
501 893
551 893
576 893
615 893
719 893
885 893
892 893
662 895
539 896
81 897
188 897
70 899
893 899
587 901
842 902
46 903
138 903
299 903
332 903
855 903
91 907
113 907
426 907
517 907
540 907
706 907
43 908
149 908
512 908
523 908
554 908
579 908
626 908
628 908
678 908
716 908
719 908
734 908
797 908
804 908
826 908
43 910
47 910
93 911
426 911
81 913
87 913
188 913
377 913
566 913
651 913
736 913
808 913
119 914
175 914
263 914
339 914
406 914
428 914
509 914
652 914
809 914
832 914
872 914
904 914
109 916
269 916
506 916
638 916
687 916
803 916
34 917
241 917
408 917
880 918
67 919
46 921
47 923
82 924
132 924
298 924
301 924
400 924
476 924
587 924
328 925
426 925
710 925
43 927
107 928
614 928
664 929
854 929
754 930
284 934
734 934
46 938
67 939
358 940
198 941
186 944
246 945
594 945
666 945
526 946
703 946
291 947
537 949
612 950
893 951
849 952
98 953
148 954
175 955
426 960
731 960
148 961
2 962
21 962
312 962
315 962
316 962
416 962
439 962
486 962
572 962
746 962
167 963
362 964
449 964
476 965
587 965
92 966
395 966
681 966
739 966
65 968
201 968
208 968
247 968
367 968
512 968
541 968
543 968
554 968
573 968
628 968
693 968
700 968
701 968
717 968
734 968
908 968
304 969
885 969
893 969
43 971
601 971
779 972
588 973
476 975
46 977
59 978
145 978
298 978
662 978
666 978
830 978
945 978
810 980
808 981
47 983
218 983
775 985
807 986
47 987
98 987
587 989
854 992
968 992
203 993
908 993
181 994
314 994
360 994
441 994
679 994
688 994
718 994
719 994
181 995
314 995
441 995
519 995
622 995
679 995
688 995
893 995
994 995
346 996
513 996
258 998
559 999
710 1002
548 1003
274 1006
672 1006
865 1006
47 1007
570 1007
623 1007
719 1007
246 1010
369 1010
22 1011
537 1011
633 1011
754 1011
822 1011
43 1013
779 1016
360 1017
994 1018
587 1021
856 1021
907 1022
186 1023
299 1023
218 1024
978 1024
775 1026
47 1027
692 1028
325 1029
377 1029
46 1030
590 1030
186 1031
453 1031
467 1031
511 1031
968 1031
67 1032
136 1032
380 1032
634 1032
54 1033
173 1033
204 1033
390 1033
408 1033
547 1033
635 1033
637 1033
860 1033
903 1033
948 1033
339 1034
46 1035
0 1037
258 1037
453 1037
504 1037
618 1037
1031 1037
650 1040
43 1043
47 1043
410 1044
343 1045
455 1046
1042 1046
476 1047
537 1047
924 1047
587 1048
43 1049
46 1049
47 1049
292 1049
294 1049
663 1049
724 1049
854 1049
962 1050
369 1052
12 1054
187 1054
367 1054
893 1055
899 1055
55 1056
43 1058
218 1058
588 1060
650 1060
369 1061
47 1062
374 1062
679 1062
923 1062
519 1063
994 1063
362 1064
422 1064
668 1066
1054 1067
186 1068
47 1069
284 1069
951 1069
369 1071
996 1074
754 1075
472 1076
299 1077
457 1078
472 1078
962 1078
1044 1079
47 1080
808 1080
913 1080
455 1083
67 1084
962 1084
538 1085
666 1085
978 1085
1033 1086
43 1087
325 1088
459 1089
109 1090
301 1095
924 1095
978 1095
909 1097
218 1098
340 1100
890 1100
976 1100
235 1102
1089 1102
47 1103
43 1106
439 1107
369 1109
152 1110
299 1113
924 1116
47 1118
569 1118
808 1118
280 1120
662 1120
895 1120
1095 1120
245 1122
970 1122
916 1123
1090 1123
426 1128
47 1129
1096 1130
554 1133
908 1133
968 1133
237 1136
429 1136
450 1136
578 1136
631 1136
664 1136
854 1136
299 1137
25 1138
152 1138
373 1138
396 1138
415 1138
889 1138
1005 1138
1117 1138
283 1140
476 1140
587 1140
17 1141
69 1141
114 1141
150 1141
177 1141
219 1141
223 1141
260 1141
376 1141
378 1141
395 1141
397 1141
406 1141
419 1141
485 1141
509 1141
539 1141
624 1141
728 1141
738 1141
809 1141
812 1141
836 1141
882 1141
914 1141
916 1141
984 1141
349 1143
744 1144
200 1145
453 1146
188 1147
219 1149
1141 1149
188 1151
913 1151
1041 1152
47 1154
245 1154
854 1156
47 1157
659 1158
1024 1158
1031 1158
1101 1158
776 1159
810 1160
111 1161
167 1162
98 1164
513 1165
171 1167
596 1167
598 1167
880 1167
932 1167
1138 1167
67 1169
664 1171
929 1171
1136 1171
7 1172
93 1172
240 1172
387 1172
426 1172
1022 1172
495 1175
710 1176
865 1176
1141 1177
219 1179
47 1180
47 1181
734 1182
408 1183
43 1184
508 1184
968 1184
810 1185
43 1186
47 1186
995 1186
1063 1186
1100 1186
331 1188
810 1190
67 1191
664 1192
342 1193
651 1195
1135 1195
905 1196
994 1196
587 1197
421 1199
735 1199
810 1199
320 1200
46 1202
299 1202
1033 1202
810 1203
1141 1205
557 1206
666 1206
777 1210
395 1211
1001 1211
1141 1211
339 1213
395 1214
1211 1214
367 1215
1067 1215
916 1216
138 1217
299 1217
903 1217
908 1219
613 1221
1141 1221
355 1222
476 1222
522 1222
587 1222
620 1222
1136 1224
1011 1225
230 1226
299 1226
478 1227
369 1228
1010 1229
1141 1231
47 1232
198 1235
408 1236
1209 1236
476 1238
587 1238
43 1239
362 1239
43 1240
1083 1240
257 1241
996 1241
1231 1243
369 1244
794 1244
47 1246
181 1246
186 1246
299 1246
343 1246
540 1246
805 1246
893 1246
907 1246
328 1247
664 1250
1136 1250
513 1251
893 1252
539 1254
357 1255
546 1257
914 1257
914 1259
1014 1259
908 1260
172 1261
175 1261
263 1261
428 1261
485 1261
503 1261
505 1261
509 1261
546 1261
761 1261
809 1261
832 1261
872 1261
904 1261
914 1261
1014 1261
1036 1261
1141 1261
1207 1261
1213 1261
99 1262
476 1262
587 1262
481 1263
246 1264
305 1264
510 1264
660 1264
683 1264
754 1264
809 1264
818 1264
1141 1264
1221 1264
1141 1265
46 1266
1049 1266
995 1267
509 1269
914 1269
1261 1269
539 1270
642 1271
1168 1271
962 1272
47 1274
296 1274
19 1275
46 1275
78 1275
80 1275
671 1275
694 1275
862 1275
1141 1275
106 1276
397 1278
754 1278
854 1280
627 1281
801 1282
968 1284
537 1285
47 1286
623 1286
908 1287
775 1290
701 1291
968 1291
645 1293
1141 1293
141 1295
346 1295
650 1295
669 1296
968 1297
968 1298
593 1299
710 1301
914 1302
67 1305
189 1305
1070 1305
854 1306
916 1307
666 1309
978 1309
808 1310
1041 1310
107 1312
395 1313
82 1314
924 1314
587 1315
89 1317
330 1317
1136 1317
291 1318
17 1319
67 1319
170 1319
171 1319
175 1319
268 1319
539 1319
846 1319
854 1319
916 1319
1004 1319
1141 1319
1269 1319
339 1320
747 1320
353 1321
1144 1321
46 1322
43 1323
539 1323
1172 1324
914 1326
326 1327
1020 1327
46 1328
299 1328
451 1328
558 1328
966 1328
1033 1328
1035 1328
1113 1328
1217 1328
749 1329
175 1330
797 1330
1261 1330
611 1331
1264 1331
539 1332
968 1332
43 1334
426 1335
1033 1340
995 1341
1063 1341
397 1344
754 1344
537 1345
1138 1345
223 1346
258 1347
453 1347
455 1348
175 1350
914 1350
1261 1350
885 1351
43 1352
539 1352
673 1353
684 1353
147 1354
433 1354
482 1354
520 1354
587 1354
604 1354
821 1354
186 1355
47 1356
913 1356
107 1357
614 1357
607 1358
617 1358
809 1359
1264 1359
81 1361
188 1361
639 1361
914 1361
1261 1361
47 1365
72 1365
635 1365
757 1365
914 1366
951 1369
1157 1369
46 1370
241 1371
408 1371
917 1371
1209 1371
538 1372
666 1372
350 1373
47 1374
60 1376
47 1377
426 1378
425 1381
638 1381
1072 1381
1328 1381
1337 1381
528 1382
885 1382
321 1383
47 1384
528 1384
47 1385
808 1385
1027 1385
1152 1385
287 1386
1023 1387
38 1388
83 1388
171 1388
175 1388
213 1388
376 1388
506 1388
530 1388
587 1388
914 1388
943 1388
1019 1388
1102 1388
1191 1388
1237 1388
1269 1388
1319 1388
218 1389
694 1389
978 1389
539 1390
43 1391
46 1391
664 1393
218 1394
1141 1395
76 1396
395 1396
924 1397
587 1398
397 1399
754 1399
743 1400
47 1402
1033 1402
914 1403
995 1404
12 1407
453 1408
933 1409
439 1410
828 1410
1053 1410
978 1411
513 1412
1251 1412
105 1416
107 1416
475 1416
1199 1416
70 1417
719 1417
877 1418
47 1420
880 1421
907 1422
186 1423
299 1423
70 1424
482 1425
1354 1425
47 1426
903 1427
990 1427
1170 1428
573 1430
780 1430
47 1431
808 1431
962 1432
1301 1433
179 1434
511 1436
640 1436
962 1437
605 1438
842 1438
1270 1439
1003 1440
648 1442
771 1442
869 1442
874 1442
903 1442
945 1442
1121 1442
1186 1442
1275 1442
1318 1442
139 1445
248 1445
1058 1445
563 1446
854 1446
249 1447
43 1448
930 1448
300 1449
346 1449
46 1450
920 1450
2 1452
908 1453
478 1454
692 1454
46 1455
43 1456
46 1456
531 1456
719 1456
49 1457
1444 1457
446 1458
377 1460
116 1462
408 1464
563 1466
972 1468
1261 1469
476 1472
278 1474
476 1474
587 1474
1222 1474
237 1475
380 1475
513 1477
832 1479
1361 1479
1132 1480
394 1481
903 1481
858 1482
962 1483
43 1484
968 1484
1388 1485
68 1486
914 1489
1469 1489
169 1490
186 1490
478 1490
745 1490
775 1490
879 1490
1039 1490
1153 1490
1033 1491
369 1492
893 1493
969 1493
198 1494
908 1495
47 1496
525 1497
107 1499
848 1499
1243 1501
107 1502
47 1503
72 1503
850 1503
1129 1503
46 1504
962 1504
47 1505
48 1505
476 1505
587 1505
917 1505
47 1506
1033 1507
381 1508
107 1510
797 1511
885 1514
1103 1514
432 1515
1275 1515
571 1516
43 1517
479 1517
463 1520
524 1520
361 1521
673 1521
148 1522
43 1523
475 1524
994 1525
995 1525
539 1526
914 1528
1261 1528
43 1529
252 1532
475 1532
488 1532
960 1532
1073 1532
1416 1532
418 1533
1211 1535
43 1536
292 1536
362 1536
422 1536
762 1536
964 1536
45 1538
271 1538
664 1538
1171 1538
1203 1538
47 1540
148 1540
43 1541
814 1542
819 1544
476 1545
1388 1546
284 1547
47 1548
72 1548
98 1548
178 1548
192 1548
252 1548
297 1548
370 1548
420 1548
679 1548
757 1548
850 1548
1181 1548
1365 1548
1377 1548
130 1550
178 1550
719 1550
908 1550
1057 1550
1511 1550
920 1551
1490 1551
1490 1555
299 1556
903 1556
47 1557
148 1557
202 1557
296 1557
374 1557
528 1557
608 1557
621 1557
679 1557
719 1557
892 1557
923 1557
954 1557
1033 1557
1062 1557
1382 1557
1478 1557
1522 1557
1268 1558
824 1559
886 1559
1457 1561
537 1563
43 1565
397 1566
754 1566
602 1568
81 1570
188 1570
46 1571
43 1572
46 1572
70 1573
679 1573
719 1573
774 1573
802 1573
816 1573
961 1573
1554 1573
1557 1573
1562 1573
299 1575
518 1575
186 1576
299 1576
615 1577
899 1577
408 1579
46 1580
539 1581
426 1582
627 1582
1281 1582
299 1584
1246 1584
362 1585
539 1585
719 1585
1033 1585
1363 1585
1578 1585
47 1586
277 1586
360 1586
536 1586
893 1586
951 1586
994 1586
995 1586
1157 1586
538 1590
666 1590
47 1592
252 1594
186 1595
1527 1596
321 1597
512 1597
693 1597
719 1597
908 1597
968 1597
1012 1597
397 1599
761 1599
977 1599
1141 1599
1374 1599
1379 1599
47 1600
560 1600
81 1601
414 1602
46 1603
67 1603
110 1603
834 1603
938 1603
1069 1603
1070 1603
1294 1603
1569 1603
47 1604
338 1604
893 1604
1220 1604
1233 1604
1141 1606
29 1607
186 1608
299 1608
360 1609
854 1610
1388 1610
537 1611
866 1611
1003 1611
1138 1611
397 1612
1011 1612
1141 1612
46 1613
294 1613
1243 1614
1467 1614
1512 1615
43 1616
539 1616
175 1617
229 1617
339 1617
369 1617
914 1617
1261 1617
822 1618
128 1619
676 1619
809 1619
1264 1619
550 1620
653 1620
880 1621
994 1622
995 1622
181 1623
408 1623
299 1625
120 1627
472 1628
1538 1629
43 1630
47 1630
1425 1631
1319 1632
43 1633
1085 1635
1372 1635
397 1636
1562 1637
672 1638
865 1638
747 1639
1320 1639
186 1640
299 1640
6 1641
299 1642
1033 1642
784 1643
198 1645
1484 1646
994 1647
1358 1648
924 1649
946 1650
46 1651
587 1652
792 1652
854 1653
1388 1653
244 1654
1141 1655
1136 1656
1224 1656
978 1657
1 1658
90 1658
186 1658
299 1658
518 1658
835 1658
769 1659
196 1660
914 1661
1141 1661
299 1662
1481 1662
46 1663
198 1663
152 1664
171 1664
598 1664
889 1664
1138 1664
1167 1664
539 1665
865 1665
1054 1665
362 1666
762 1666
1279 1668
46 1669
47 1669
198 1669
719 1669
664 1670
1136 1670
123 1671
206 1671
47 1672
47 1674
808 1674
587 1676
401 1677
996 1679
1251 1679
1412 1679
408 1680
1204 1681
908 1682
912 1683
1429 1684
408 1686
917 1686
810 1687
748 1688
1275 1688
1311 1688
387 1689
433 1689
773 1689
821 1689
1354 1689
1425 1689
1490 1689
1596 1689
1033 1690
1033 1691
1271 1691
292 1692
968 1692
1354 1693
1689 1693
408 1694
1681 1695
47 1696
392 1696
46 1698
239 1698
962 1698
968 1698
1272 1698
243 1700
754 1701
809 1701
426 1702
475 1702
23 1703
242 1703
410 1703
581 1703
661 1703
707 1703
735 1703
810 1703
849 1703
952 1703
1189 1703
1199 1703
1416 1703
1687 1703
395 1704
1141 1704
1221 1704
622 1705
806 1705
1703 1706
142 1707
1678 1710
67 1711
1102 1713
962 1714
47 1716
1548 1716
30 1717
43 1718
47 1718
43 1719
299 1720
1328 1720
413 1722
193 1723
1695 1723
523 1724
98 1725
512 1726
543 1726
579 1726
804 1726
908 1726
1260 1726
1597 1726
36 1728
71 1728
180 1728
342 1728
372 1728
529 1728
535 1728
580 1728
748 1728
793 1728
852 1728
864 1728
947 1728
1032 1728
1039 1728
1066 1728
1104 1728
1173 1728
1231 1728
1275 1728
1311 1728
1516 1728
1535 1728
1536 1728
1538 1728
1543 1728
1606 1728
1614 1728
1651 1728
1689 1728
44 1729
115 1729
123 1729
243 1729
260 1729
567 1729
766 1729
770 1729
1007 1729
1091 1729
1092 1729
1138 1729
1261 1729
1300 1729
1436 1729
1512 1729
1700 1729
1723 1729
914 1730
245 1731
669 1731
67 1732
82 1733
908 1734
10 1735
81 1735
87 1735
181 1735
188 1735
192 1735
194 1735
249 1735
325 1735
377 1735
657 1735
1000 1735
1029 1735
1082 1735
1570 1735
694 1737
881 1737
1515 1737
1728 1737
369 1738
1617 1738
1299 1740
43 1743
198 1743
994 1744
1703 1745
1354 1746
1490 1746
962 1747
43 1748
713 1748
820 1748
968 1748
1054 1748
188 1749
408 1749
808 1749
715 1750
722 1751
595 1752
617 1753
107 1754
141 1755
1648 1757
47 1759
72 1759
1548 1759
107 1760
886 1760
1234 1760
1416 1760
1499 1760
1502 1760
1699 1760
299 1761
343 1761
1023 1761
1031 1761
1246 1761
1387 1761
367 1762
1054 1762
47 1763
808 1763
1261 1764
237 1766
1261 1767
1735 1768
47 1769
95 1769
119 1769
148 1769
168 1769
176 1769
186 1769
191 1769
228 1769
247 1769
262 1769
269 1769
270 1769
317 1769
322 1769
324 1769
342 1769
366 1769
400 1769
455 1769
496 1769
500 1769
509 1769
516 1769
528 1769
539 1769
584 1769
682 1769
719 1769
720 1769
748 1769
783 1769
838 1769
914 1769
936 1769
951 1769
991 1769
1049 1769
1052 1769
1083 1769
1095 1769
1121 1769
1129 1769
1131 1769
1138 1769
1167 1769
1169 1769
1271 1769
1275 1769
1330 1769
1342 1769
1365 1769
1441 1769
1463 1769
1536 1769
1543 1769
1548 1769
1557 1769
1570 1769
1571 1769
1578 1769
1712 1769
1720 1769
1726 1769
1729 1769
1731 1769
1747 1769
1759 1769
82 1770
513 1770
1733 1770
1769 1772
21 1775
962 1775
1319 1776
1388 1776
539 1778
1270 1778
1769 1778
1418 1780
539 1781
965 1782
989 1782
854 1784
914 1784
1319 1784
1617 1784
1363 1785
41 1786
1729 1789
719 1790
1319 1791
1388 1791
47 1792
679 1792
718 1792
994 1792
995 1792
1647 1792
1744 1792
47 1793
1769 1794
1141 1796
528 1797
1557 1797
344 1798
1299 1798
1685 1800
400 1801
719 1804
1585 1804
1490 1805
395 1806
924 1808
1172 1809
994 1810
995 1810
372 1811
1275 1811
1349 1811
590 1812
1030 1812
1294 1813
1112 1814
185 1815
914 1817
1261 1817
1350 1817
1494 1817
1617 1817
47 1818
914 1818
306 1819
719 1819
1548 1819
1759 1819
1769 1819
47 1820
1694 1820
443 1821
757 1822
1365 1822
1548 1822
1206 1823
47 1824
62 1824
74 1824
148 1824
462 1824
885 1824
892 1824
1506 1824
1539 1824
1573 1824
1592 1824
1755 1825
537 1826
43 1827
734 1827
785 1827
797 1827
798 1827
1769 1827
387 1828
327 1830
458 1830
572 1830
914 1830
1050 1830
1261 1830
945 1831
1552 1832
1102 1833
513 1834
880 1835
3 1836
258 1836
411 1836
426 1836
453 1836
461 1836
478 1836
577 1836
692 1836
1015 1836
1028 1836
1037 1836
1094 1836
1227 1836
1299 1836
1555 1836
152 1837
587 1837
1339 1838
539 1839
916 1839
1352 1839
913 1842
15 1843
97 1843
109 1843
616 1843
991 1843
163 1845
1498 1845
893 1846
438 1848
1817 1848
585 1849
892 1850
1033 1850
43 1851
539 1851
413 1853
70 1854
181 1854
199 1854
389 1854
630 1854
719 1854
885 1854
893 1854
915 1854
986 1854
1008 1854
1246 1854
1329 1854
1604 1854
1824 1854
1846 1854
540 1857
1532 1857
1615 1858
968 1859
1284 1859
1436 1860
1729 1860
455 1861
1396 1862
1626 1864
162 1865
1703 1865
152 1868
161 1868
190 1868
219 1868
234 1868
415 1868
587 1868
765 1868
1110 1868
1138 1868
1141 1868
1150 1868
1153 1868
1159 1868
1319 1868
1711 1868
1729 1868
1863 1868
41 1869
914 1869
1530 1870
397 1871
1075 1871
1409 1871
1307 1872
8 1873
46 1873
47 1873
70 1873
81 1873
148 1873
188 1873
223 1873
251 1873
321 1873
377 1873
408 1873
424 1873
455 1873
554 1873
623 1873
630 1873
686 1873
719 1873
734 1873
750 1873
808 1873
826 1873
847 1873
893 1873
908 1873
917 1873
986 1873
994 1873
995 1873
1147 1873
1151 1873
1232 1873
1261 1873
1275 1873
1286 1873
1320 1873
1361 1873
1365 1873
1383 1873
1417 1873
1426 1873
1456 1873
1496 1873
1557 1873
1597 1873
1603 1873
1623 1873
1688 1873
1727 1873
1728 1873
1735 1873
1769 1873
1819 1873
719 1874
997 1874
893 1875
1025 1875
1102 1875
1438 1875
1833 1875
459 1876
811 1876
1065 1876
1102 1876
1689 1876
219 1877
312 1879
369 1879
962 1879
1141 1879
1769 1879
1775 1879
1777 1879
321 1880
554 1880
838 1880
83 1881
1319 1881
47 1883
1534 1883
1520 1884
1625 1884
1836 1884
719 1885
1042 1885
1578 1885
1585 1885
1785 1885
1221 1886
1264 1886
1879 1887
550 1888
1304 1889
914 1890
908 1891
91 1892
113 1892
224 1892
319 1892
347 1892
517 1892
549 1892
706 1892
764 1892
907 1892
1246 1892
1422 1892
997 1893
1083 1893
1445 1893
75 1894
893 1894
1873 1894
148 1896
1824 1898
779 1899
46 1900
539 1900
67 1901
1603 1901
47 1903
70 1903
148 1903
389 1903
420 1903
719 1903
892 1903
893 1903
1573 1903
1637 1903
1854 1903
35 1904
268 1905
1501 1905
892 1906
43 1907
46 1907
1873 1907
47 1909
70 1909
74 1909
112 1909
148 1909
181 1909
285 1909
293 1909
389 1909
420 1909
491 1909
497 1909
528 1909
719 1909
729 1909
749 1909
847 1909
870 1909
885 1909
893 1909
899 1909
915 1909
951 1909
961 1909
974 1909
981 1909
995 1909
1055 1909
1157 1909
1180 1909
1201 1909
1220 1909
1252 1909
1273 1909
1276 1909
1417 1909
1493 1909
1506 1909
1549 1909
1573 1909
1586 1909
1589 1909
1592 1909
1604 1909
1749 1909
1839 1909
1854 1909
1866 1909
1873 1909
1894 1909
1903 1909
719 1910
1598 1911
916 1912
1769 1913
1868 1913
1340 1914
679 1915
1873 1915
1903 1915
1590 1917
175 1918
1261 1918
0 1920
1798 1920
1836 1920
299 1921
903 1921
1328 1921
1720 1921
27 1923
184 1923
513 1923
1261 1924
321 1925
719 1925
838 1925
908 1925
1520 1926
47 1928
202 1928
1557 1928
1873 1928
1573 1929
1769 1929
539 1930
1124 1931
47 1932
98 1932
808 1932
815 1932
1218 1932
1310 1932
945 1933
1803 1933
19 1935
1728 1935
1033 1937
893 1938
46 1939
1905 1939
152 1943
478 1944
692 1944
1178 1945
412 1946
537 1946
1557 1947
81 1948
420 1948
779 1948
47 1949
578 1949
1062 1949
47 1950
679 1950
1129 1951
1420 1953
1728 1954
1673 1956
321 1957
480 1957
1769 1957
1198 1958
1275 1959
1728 1959
607 1962
476 1963
522 1963
1388 1963
1837 1963
844 1964
1854 1964
1903 1964
1255 1965
1963 1965
664 1966
1136 1966
587 1968
1963 1968
1955 1969
253 1970
1416 1971
1703 1971
968 1972
1427 1973
1617 1974
1292 1976
1909 1976
539 1978
865 1978
1769 1979
67 1980
71 1980
351 1980
389 1980
400 1980
454 1980
681 1980
808 1980
893 1980
913 1980
945 1980
994 1980
1032 1980
1080 1980
1275 1980
1310 1980
1562 1980
1603 1980
1637 1980
1728 1980
1824 1980
1903 1980
1909 1980
98 1981
1033 1981
78 1982
1980 1982
47 1983
528 1983
569 1983
623 1983
133 1984
635 1984
1574 1984
408 1986
1337 1987
82 1988
132 1988
880 1988
924 1988
1116 1988
1127 1988
1397 1988
1599 1988
195 1989
1765 1989
1855 1989
1769 1990
426 1991
184 1992
513 1992
588 1992
650 1992
1058 1993
824 1994
1416 1994
1573 1995
587 1996
719 1997
1550 1997
962 1998
1879 1998
563 1999
1353 1999
1802 2000
1553 2001
84 2002
292 2002
854 2002
942 2002
968 2002
47 2003
602 2003
1248 2003
775 2004
1769 2005
299 2006
1328 2006
1532 2007
1857 2007
1977 2007
47 2008
1873 2008
587 2009
326 2011
387 2011
906 2011
513 2013
1769 2014
1136 2015
51 2016
1769 2017
47 2018
62 2018
140 2018
148 2018
345 2018
674 2018
719 2018
847 2018
885 2018
961 2018
1163 2018
1426 2018
1573 2018
1879 2019
867 2020
913 2020
2012 2021
622 2022
737 2022
1264 2023
754 2024
1141 2024
2009 2025
922 2026
1769 2026
43 2027
1054 2027
1354 2028
1689 2028
369 2029
713 2030
1161 2030
20 2031
880 2031
1142 2031
1167 2031
1204 2031
1664 2031
1835 2031
775 2033
1033 2035
1960 2036
2018 2036
144 2037
165 2037
186 2037
328 2037
413 2037
426 2037
577 2037
705 2037
710 2037
731 2037
759 2037
925 2037
1022 2037
1176 2037
1247 2037
1301 2037
1335 2037
1756 2037
1795 2037
1878 2037
1892 2037
1703 2039
1388 2040
299 2041
397 2042
1612 2042
1042 2043
1046 2043
47 2044
43 2045
284 2045
156 2046
184 2046
257 2046
346 2046
387 2046
446 2046
460 2046
475 2046
588 2046
592 2046
619 2046
650 2046
753 2046
755 2046
906 2046
935 2046
1200 2046
1289 2046
1295 2046
1755 2046
1760 2046
1825 2046
1992 2046
2011 2046
7 2047
279 2047
443 2047
1532 2047
1593 2047
513 2048
796 2048
299 2050
1141 2051
43 2052
284 2052
131 2054
199 2054
844 2054
986 2054
1909 2054
476 2055
1769 2057
43 2058
978 2059
367 2060
1054 2060
843 2061
979 2061
1443 2062
962 2063
455 2064
43 2065
43 2066
1728 2066
47 2067
455 2067
46 2068
47 2068
455 2068
719 2068
809 2068
1456 2068
1873 2068
860 2069
1118 2069
1141 2071
1796 2071
80 2072
694 2072
1985 2073
1009 2074
299 2075
148 2077
1854 2077
1980 2077
1141 2078
81 2079
854 2080
1836 2081
133 2082
1279 2082
128 2083
246 2083
364 2083
407 2083
445 2083
624 2083
809 2083
1221 2083
1380 2083
1619 2083
124 2084
397 2084
493 2084
1612 2084
292 2085
1624 2085
97 2086
177 2086
219 2086
290 2086
380 2086
568 2086
636 2086
681 2086
765 2086
830 2086
903 2086
1030 2086
1141 2086
1455 2086
1509 2086
1577 2086
1657 2086
1751 2086
1814 2086
28 2087
43 2087
537 2087
539 2087
713 2087
1054 2087
1215 2087
689 2090
1354 2090
1596 2090
1275 2091
1728 2091
914 2092
1261 2092
3 2093
13 2093
344 2093
403 2093
411 2093
453 2093
490 2093
492 2093
504 2093
532 2093
553 2093
593 2093
705 2093
819 2093
827 2093
853 2093
955 2093
1015 2093
1031 2093
1037 2093
1094 2093
1227 2093
1299 2093
1347 2093
1408 2093
1490 2093
1610 2093
1798 2093
1836 2093
1884 2093
1920 2093
2037 2093
2081 2093
43 2094
670 2095
2074 2095
47 2096
719 2096
1319 2097
1388 2097
775 2098
978 2099
2086 2099
1275 2101
1328 2101
1606 2101
1769 2101
2050 2101
2010 2102
47 2103
74 2103
79 2103
455 2103
623 2103
923 2103
1928 2103
101 2104
1849 2105
299 2108
1349 2108
1811 2108
943 2109
1927 2109
476 2110
593 2110
1208 2110
43 2111
65 2111
151 2111
205 2111
218 2111
228 2111
250 2111
299 2111
321 2111
382 2111
480 2111
554 2111
719 2111
838 2111
922 2111
968 2111
1133 2111
1160 2111
1597 2111
1769 2111
1859 2111
1873 2111
1880 2111
1925 2111
994 2112
995 2112
1792 2112
1909 2112
880 2113
918 2113
924 2113
1314 2113
1621 2113
2031 2113
397 2114
930 2114
509 2115
914 2115
47 2116
808 2116
1763 2116
1922 2116
1983 2116
587 2117
2055 2117
1599 2118
431 2119
673 2119
1184 2119
1909 2120
539 2121
1467 2122
1728 2122
369 2123
1244 2123
225 2125
473 2125
508 2125
539 2125
1909 2126
2008 2127
1548 2128
894 2130
1893 2130
148 2131
528 2131
1299 2131
1382 2131
1557 2131
1909 2131
1769 2132
1261 2133
1873 2133
47 2134
1932 2134
1769 2135
1538 2136
701 2137
968 2137
122 2138
310 2138
317 2138
808 2138
1253 2138
1296 2138
1316 2138
1365 2138
1731 2138
1749 2138
1772 2138
1840 2138
1873 2138
1916 2138
446 2139
592 2139
619 2139
845 2139
1022 2139
1324 2139
1458 2139
2046 2139
11 2140
24 2140
25 2140
32 2140
41 2140
53 2140
146 2140
173 2140
175 2140
211 2140
217 2140
226 2140
246 2140
273 2140
387 2140
391 2140
395 2140
397 2140
408 2140
427 2140
434 2140
435 2140
439 2140
452 2140
459 2140
502 2140
529 2140
533 2140
572 2140
587 2140
597 2140
599 2140
604 2140
616 2140
625 2140
655 2140
697 2140
719 2140
728 2140
778 2140
854 2140
875 2140
887 2140
900 2140
914 2140
917 2140
930 2140
937 2140
939 2140
949 2140
958 2140
975 2140
994 2140
1008 2140
1010 2140
1032 2140
1047 2140
1056 2140
1065 2140
1097 2140
1102 2140
1105 2140
1109 2140
1111 2140
1139 2140
1141 2140
1145 2140
1150 2140
1183 2140
1187 2140
1190 2140
1207 2140
1229 2140
1262 2140
1267 2140
1308 2140
1319 2140
1367 2140
1368 2140
1371 2140
1401 2140
1464 2140
1465 2140
1470 2140
1472 2140
1488 2140
1542 2140
1545 2140
1546 2140
1554 2140
1579 2140
1603 2140
1623 2140
1627 2140
1641 2140
1680 2140
1689 2140
1714 2140
1715 2140
1725 2140
1732 2140
1741 2140
1764 2140
1765 2140
1779 2140
1792 2140
1807 2140
1873 2140
1882 2140
1896 2140
1909 2140
1912 2140
1936 2140
1961 2140
1986 2140
2002 2140
2003 2140
2038 2140
2090 2140
2100 2140
2107 2140
2112 2140
299 2141
1023 2141
1031 2141
1884 2141
1345 2142
47 2143
1080 2143
1735 2143
914 2144
1261 2144
121 2145
626 2145
696 2145
719 2145
908 2145
1287 2145
1401 2145
1453 2145
1495 2145
1550 2145
1597 2145
1724 2145
1734 2145
1891 2145
2111 2145
534 2146
5 2147
82 2147
186 2147
216 2147
270 2147
299 2147
321 2147
516 2147
675 2147
712 2147
719 2147
838 2147
840 2147
854 2147
893 2147
894 2147
899 2147
986 2147
1055 2147
1058 2147
1136 2147
1192 2147
1288 2147
1292 2147
1393 2147
1405 2147
1438 2147
1456 2147
1508 2147
1541 2147
1689 2147
1761 2147
1873 2147
1893 2147
1909 2147
1988 2147
1993 2147
2068 2147
2093 2147
2111 2147
2129 2147
474 2148
1326 2148
1555 2149
2140 2151
2 2152
848 2153
1582 2153
1760 2153
2101 2154
1787 2155
292 2156
362 2156
664 2157
46 2158
719 2158
47 2159
74 2159
148 2159
333 2159
528 2159
695 2159
847 2159
1375 2159
1402 2159
1473 2159
1818 2159
1873 2159
1909 2159
2018 2159
2096 2159
12 2160
47 2160
70 2160
85 2160
148 2160
246 2160
302 2160
528 2160
674 2160
695 2160
719 2160
729 2160
767 2160
847 2160
885 2160
893 2160
961 2160
1008 2160
1062 2160
1168 2160
1201 2160
1351 2160
1382 2160
1407 2160
1426 2160
1514 2160
1573 2160
1589 2160
1769 2160
1793 2160
1824 2160
1846 2160
1866 2160
1873 2160
1906 2160
1909 2160
1995 2160
2018 2160
2103 2160
2107 2160
2131 2160
2140 2160
2159 2160
36 2161
268 2161
540 2162
907 2162
1892 2162
578 2164
2140 2165
2099 2166
1442 2167
1728 2167
1769 2167
931 2168
299 2170
968 2170
1859 2170
2111 2170
908 2171
1773 2172
64 2173
246 2173
407 2173
2083 2173
1769 2174
47 2175
808 2175
1856 2176
1980 2177
426 2178
2037 2178
373 2179
1989 2179
1760 2180
46 2181
1830 2181
68 2182
308 2182
617 2182
1115 2182
1358 2182
1428 2182
1830 2182
2140 2182
810 2183
46 2184
962 2184
572 2185
962 2185
1084 2185
779 2186
1468 2186
218 2187
737 2187
962 2188
47 2189
148 2189
623 2189
1596 2190
299 2191
741 2192
995 2193
2033 2194
152 2195
1868 2195
387 2196
1172 2196
970 2197
2138 2197
1182 2198
1550 2198
107 2199
1234 2199
1092 2200
1729 2200
43 2201
198 2201
299 2202
1328 2202
662 2203
1120 2203
47 2204
420 2204
1650 2205
2004 2206
63 2207
1008 2207
1909 2207
1948 2207
2003 2207
1553 2208
753 2209
863 2209
186 2210
1246 2210
67 2211
1769 2211
1961 2212
299 2213
1427 2213
916 2214
2140 2215
1412 2216
1679 2216
43 2217
724 2217
46 2218
2140 2218
74 2219
2160 2219
299 2220
1141 2221
47 2222
1033 2222
1062 2222
1769 2222
2159 2222
33 2223
834 2224
1909 2225
1788 2226
47 2227
1909 2227
299 2228
1124 2229
2018 2229
2160 2229
2140 2230
369 2231
794 2231
1071 2231
1492 2231
1769 2231
2123 2231
387 2232
907 2233
1892 2233
399 2235
587 2236
2093 2237
742 2238
1029 2238
1460 2238
1735 2238
541 2240
2111 2240
131 2241
331 2241
712 2241
1909 2241
2160 2241
100 2243
1617 2244
1817 2244
43 2245
46 2245
57 2245
539 2245
563 2245
713 2245
896 2245
1332 2245
2034 2245
476 2246
587 2246
2140 2246
825 2247
968 2247
822 2249
219 2250
313 2250
81 2253
188 2253
1564 2253
1979 2253
219 2254
902 2254
1093 2254
47 2255
98 2255
186 2256
1095 2258
398 2259
461 2260
1836 2260
2093 2260
962 2261
513 2262
2013 2262
1186 2263
12 2264
292 2266
15 2267
83 2267
97 2267
667 2267
846 2267
1019 2267
1034 2267
1319 2267
1388 2267
1817 2267
1728 2268
1769 2268
1533 2269
47 2270
107 2270
1760 2270
2018 2270
1953 2271
2140 2271
1873 2272
2159 2272
2160 2272
299 2273
903 2273
327 2274
2095 2275
924 2276
1095 2276
46 2278
640 2279
1451 2280
962 2281
1573 2282
2160 2282
453 2283
1333 2284
622 2285
787 2285
806 2285
1013 2285
808 2286
1356 2286
47 2287
77 2287
277 2287
649 2287
802 2287
1051 2287
1055 2287
1424 2287
1873 2287
1894 2287
1909 2287
2129 2287
1085 2288
47 2289
2116 2289
578 2290
1840 2291
903 2292
1328 2292
1141 2294
1031 2296
2075 2296
476 2297
587 2297
47 2298
277 2298
392 2298
570 2298
622 2298
1240 2298
1588 2298
1829 2298
1909 2298
587 2300
513 2301
650 2301
1040 2301
1200 2301
1755 2301
1825 2301
2046 2301
2169 2302
47 2303
808 2303
43 2304
47 2305
389 2305
497 2305
885 2305
893 2305
961 2305
1824 2305
1909 2305
2018 2305
2077 2305
2160 2305
2270 2305
2272 2305
903 2306
2041 2306
893 2307
1903 2307
1909 2307
616 2308
916 2308
395 2309
2165 2309
61 2310
357 2310
476 2310
521 2310
587 2310
901 2310
924 2310
943 2310
965 2310
1197 2310
1222 2310
1474 2310
1649 2310
1769 2310
1996 2310
2297 2310
2300 2310
1459 2311
67 2313
252 2315
475 2315
540 2315
586 2315
714 2315
845 2315
925 2315
960 2315
1172 2315
1338 2315
1416 2315
1532 2315
1552 2315
1593 2315
1594 2315
1799 2315
1821 2315
1857 2315
2007 2315
2037 2315
2047 2315
2106 2315
2139 2315
2312 2315
420 2316
779 2316
2193 2317
284 2318
1047 2318
2094 2318
995 2319
913 2320
666 2321
817 2321
903 2323
2191 2323
1242 2324
2140 2325
1533 2327
363 2328
437 2328
880 2328
1582 2328
1760 2328
2180 2328
1199 2329
408 2331
1248 2331
1568 2331
2003 2331
2230 2331
719 2332
994 2332
995 2332
1557 2332
1586 2332
1792 2332
1909 2332
2140 2332
1141 2333
2140 2333
47 2334
218 2334
414 2334
299 2336
1328 2336
2101 2336
475 2337
864 2338
1728 2338
513 2339
1520 2339
1679 2339
2248 2339
292 2340
995 2341
1275 2342
1873 2342
186 2343
43 2344
299 2344
307 2344
968 2344
982 2344
1769 2344
199 2346
1327 2347
2046 2347
1319 2348
23 2349
105 2349
158 2349
162 2349
421 2349
446 2349
650 2349
661 2349
707 2349
952 2349
973 2349
1044 2349
1079 2349
1189 2349
1199 2349
1289 2349
1295 2349
1520 2349
1703 2349
1745 2349
2046 2349
2049 2349
218 2350
475 2351
1760 2351
181 2352
994 2352
995 2352
2182 2352
1689 2353
2190 2353
1862 2354
1211 2355
1645 2357
1987 2357
227 2358
476 2358
537 2358
704 2358
988 2358
1527 2358
1596 2358
1599 2358
2118 2358
2147 2358
476 2359
587 2359
539 2360
1126 2360
2182 2361
1328 2362
67 2363
773 2364
284 2365
417 2365
397 2366
2056 2367
198 2368
122 2369
176 2369
669 2369
779 2369
1195 2369
1253 2369
1365 2369
1668 2369
1735 2369
1736 2369
1749 2369
1769 2369
1873 2369
2082 2369
2138 2369
2291 2369
1490 2370
292 2371
455 2372
456 2372
647 2372
782 2372
1049 2372
1348 2372
1537 2372
1585 2372
1669 2372
1712 2372
1785 2372
1790 2372
1861 2372
2058 2372
2064 2372
2147 2372
2158 2372
2368 2372
854 2373
512 2374
299 2375
1442 2375
1243 2376
1688 2376
664 2377
854 2377
43 2378
321 2378
825 2378
968 2378
1769 2378
455 2379
868 2379
1873 2379
2147 2379
2372 2379
1010 2380
2083 2380
2246 2380
43 2381
47 2381
2103 2381
573 2383
589 2383
81 2384
188 2384
43 2385
46 2385
2192 2385
2365 2385
627 2386
1095 2387
578 2388
476 2389
587 2389
1262 2389
2310 2389
1892 2392
98 2393
563 2394
272 2395
800 2395
834 2395
968 2395
1059 2395
1138 2395
1362 2395
1765 2395
2140 2395
2224 2395
809 2396
754 2397
1448 2397
1364 2398
1532 2399
2315 2399
1909 2400
2120 2400
1703 2401
2349 2401
797 2402
1769 2402
1099 2403
1869 2403
439 2404
1909 2405
1836 2407
2147 2407
1769 2408
1980 2408
962 2409
1879 2409
408 2410
887 2410
1206 2411
284 2412
2018 2412
1390 2413
2245 2413
186 2414
489 2414
1023 2414
1045 2414
1077 2414
1658 2414
1761 2414
175 2415
1261 2415
459 2416
811 2416
1102 2416
994 2417
513 2418
104 2419
1445 2420
1893 2420
2147 2420
472 2421
1436 2421
1 2422
2414 2422
629 2423
1948 2423
1261 2424
1729 2425
1729 2426
160 2427
1476 2427
1908 2427
2274 2427
2318 2427
962 2428
1141 2428
513 2430
107 2431
184 2431
487 2431
513 2431
996 2431
1165 2431
1251 2431
1679 2431
1923 2431
1992 2431
2048 2431
2418 2431
191 2432
298 2432
400 2432
494 2432
1095 2432
1148 2432
1769 2432
1801 2432
1980 2432
2177 2432
2231 2432
2387 2432
2408 2432
65 2433
908 2433
968 2433
1885 2434
2372 2434
1138 2435
81 2436
188 2436
1909 2437
107 2438
886 2438
1760 2438
1500 2439
2 2440
2088 2440
453 2441
1037 2441
1836 2441
81 2442
578 2443
1444 2444
27 2446
513 2446
1923 2446
2013 2446
2262 2446
426 2447
2037 2447
818 2448
1141 2448
1221 2448
1264 2448
2147 2449
1255 2450
16 2451
719 2451
1573 2451
2160 2451
43 2452
759 2452
916 2453
1728 2453
369 2454
1769 2454
1841 2455
148 2456
1909 2456
2083 2457
1211 2459
1728 2459
2358 2460
152 2461
415 2461
1868 2461
2103 2462
1476 2463
2328 2464
2011 2465
1379 2466
2188 2466
694 2467
1769 2467
314 2468
719 2468
995 2468
1980 2468
219 2470
1739 2470
1138 2471
355 2472
587 2472
1230 2473
245 2474
1033 2474
1769 2474
2138 2474
2369 2474
2140 2475
1426 2476
2018 2476
2160 2476
810 2477
779 2478
1948 2478
218 2479
380 2479
568 2479
722 2479
733 2479
799 2479
978 2479
1141 2479
2086 2479
2166 2479
2458 2479
98 2480
809 2481
1141 2481
2140 2482
994 2483
995 2483
1799 2484
2315 2484
2399 2484
600 2485
908 2486
2140 2487
1729 2488
1858 2488
1264 2489
2163 2490
299 2491
690 2491
966 2491
2113 2492
962 2493
1879 2493
476 2494
841 2494
1222 2494
146 2495
195 2495
272 2495
1059 2495
1362 2495
1855 2495
1972 2495
1989 2495
2395 2495
2471 2495
43 2496
46 2496
186 2497
1585 2498
1885 2498
1758 2499
1873 2499
1760 2500
400 2501
1148 2501
47 2502
622 2502
719 2503
1557 2503
913 2504
1033 2505
1885 2505
184 2506
2046 2506
1138 2507
475 2508
1975 2509
2002 2510
82 2511
184 2511
513 2511
1770 2511
369 2512
1769 2512
1354 2513
1689 2513
1587 2514
1531 2515
31 2516
47 2516
66 2516
167 2516
258 2516
284 2516
396 2516
478 2516
520 2516
561 2516
673 2516
687 2516
692 2516
938 2516
1037 2516
1124 2516
1141 2516
1153 2516
1186 2516
1347 2516
1358 2516
1421 2516
1466 2516
1471 2516
1488 2516
1603 2516
1644 2516
1689 2516
1729 2516
1805 2516
1836 2516
1941 2516
2031 2516
2093 2516
2113 2516
2159 2516
2182 2516
2333 2516
2363 2516
2381 2516
2427 2516
2429 2516
2463 2516
47 2517
826 2517
893 2517
908 2517
968 2517
1597 2517
1726 2517
1769 2517
1854 2517
1909 2517
2111 2517
2433 2517
19 2518
694 2518
1728 2518
983 2519
1696 2519
47 2521
98 2521
924 2522
2519 2523
537 2524
1388 2525
2140 2525
198 2526
673 2526
82 2527
1770 2527
264 2528
359 2528
538 2528
552 2528
590 2528
666 2528
817 2528
995 2528
1392 2528
2319 2528
2321 2528
2411 2528
2206 2529
47 2530
808 2530
893 2530
951 2530
1586 2530
292 2531
914 2532
1350 2532
1141 2533
587 2534
1222 2534
2310 2534
518 2535
659 2536
1031 2536
198 2537
1908 2538
107 2539
1760 2539
413 2540
854 2541
210 2542
471 2542
498 2542
643 2542
710 2542
775 2542
1343 2542
1520 2542
1844 2542
1878 2542
1895 2542
867 2544
1736 2544
1769 2544
914 2546
1769 2546
446 2547
1327 2547
207 2548
334 2548
1567 2548
1765 2548
2140 2548
2395 2548
2495 2548
471 2549
775 2549
1482 2549
2295 2549
808 2550
1909 2551
137 2552
289 2552
323 2552
527 2552
587 2552
627 2552
721 2552
745 2552
775 2552
884 2552
1026 2552
1285 2552
1290 2552
1343 2552
1591 2552
2033 2552
2098 2552
2194 2552
2295 2552
2370 2552
2382 2552
854 2553
475 2554
359 2555
579 2556
2345 2557
98 2558
917 2558
2140 2558
1548 2559
2207 2560
1769 2561
673 2562
1235 2562
1999 2562
292 2563
539 2563
854 2563
968 2563
1174 2563
1332 2563
1769 2563
1930 2563
1490 2565
1836 2565
47 2566
181 2566
408 2566
424 2566
686 2566
808 2566
951 2566
994 2566
995 2566
1118 2566
1252 2566
1493 2566
1496 2566
1763 2566
1792 2566
1854 2566
1873 2566
1909 2566
1932 2566
2112 2566
2138 2566
2140 2566
2241 2566
2405 2566
478 2567
800 2567
1567 2567
1989 2567
2395 2567
1873 2568
2305 2568
1729 2569
49 2570
134 2570
233 2570
654 2570
699 2570
790 2570
854 2570
1038 2570
1263 2570
1457 2570
1769 2570
1843 2570
1849 2570
2086 2570
2124 2570
2239 2570
2267 2570
2469 2570
810 2571
2349 2571
995 2573
241 2574
1111 2574
615 2575
655 2575
1139 2575
1909 2575
2523 2576
1141 2577
1769 2577
1123 2578
84 2579
292 2579
375 2579
591 2579
942 2579
1328 2579
2002 2579
2140 2579
2543 2579
1487 2580
2207 2581
2331 2581
475 2582
1755 2582
888 2583
956 2583
1141 2583
1166 2583
1769 2583
1771 2583
2140 2583
2405 2583
2138 2584
2369 2584
371 2585
284 2586
934 2586
1873 2586
1689 2587
1112 2588
2086 2588
1980 2590
423 2591
1769 2591
1949 2591
2147 2591
2495 2591
346 2592
2046 2592
328 2593
672 2593
865 2593
2037 2593
962 2594
1112 2594
2086 2594
719 2595
2372 2595
260 2596
1211 2596
83 2597
2267 2597
23 2599
66 2600
794 2601
1244 2601
2231 2601
47 2602
623 2602
1124 2602
2018 2602
2159 2602
2160 2602
2229 2602
2516 2602
2140 2603
1354 2604
2147 2604
378 2605
719 2606
1299 2606
81 2608
1735 2608
47 2609
148 2609
623 2609
847 2609
942 2609
1286 2609
1534 2609
1758 2609
1769 2609
1909 2609
1983 2609
2159 2609
2160 2609
2462 2609
513 2610
1834 2610
413 2611
2252 2611
867 2612
2138 2612
867 2613
1769 2613
2138 2613
426 2614
2002 2614
2037 2614
2140 2614
2140 2615
254 2616
395 2616
767 2617
1573 2617
1873 2617
1909 2617
2264 2617
1588 2618
2427 2618
388 2619
2277 2620
2315 2621
2140 2622
1081 2623
160 2624
164 2624
803 2624
916 2624
1134 2624
1728 2624
1769 2624
1839 2624
2140 2624
2516 2624
2140 2625
237 2626
412 2626
537 2626
548 2626
866 2626
924 2626
1003 2626
1440 2626
1596 2626
1708 2626
1826 2626
2318 2626
2524 2626
2545 2626
2552 2626
404 2627
1123 2627
1553 2628
1172 2629
893 2630
1252 2630
1824 2630
1909 2630
2018 2630
47 2631
70 2631
89 2631
148 2631
205 2631
321 2631
440 2631
462 2631
621 2631
712 2631
719 2631
838 2631
885 2631
893 2631
908 2631
942 2631
1133 2631
1201 2631
1223 2631
1426 2631
1539 2631
1562 2631
1573 2631
1604 2631
1769 2631
1824 2631
1873 2631
1903 2631
1909 2631
1964 2631
1980 2631
2018 2631
2043 2631
2111 2631
2159 2631
2160 2631
2171 2631
2241 2631
2305 2631
2437 2631
2451 2631
2566 2631
107 2632
1328 2633
1138 2635
219 2636
730 2636
1868 2636
148 2637
2077 2637
1703 2638
2049 2638
186 2639
299 2639
587 2640
475 2641
1416 2641
439 2642
1450 2642
995 2643
1442 2643
908 2644
968 2644
1769 2644
2111 2644
47 2645
48 2645
74 2645
345 2645
642 2645
695 2645
1163 2645
1168 2645
1426 2645
1557 2645
1909 2645
1960 2645
2018 2645
2044 2645
2096 2645
2159 2645
2160 2645
2451 2645
2476 2645
2516 2645
2602 2645
2609 2645
2631 2645
2145 2646
885 2647
1157 2647
1586 2647
1909 2647
2530 2647
133 2648
1574 2648
243 2649
256 2649
1769 2649
2140 2650
442 2651
959 2651
1303 2651
854 2652
1388 2652
951 2653
2647 2653
47 2654
181 2654
314 2654
408 2654
719 2654
870 2654
893 2654
994 2654
1196 2654
1273 2654
1341 2654
1623 2654
1792 2654
1854 2654
1873 2654
1909 2654
1940 2654
2135 2654
2287 2654
2573 2654
439 2656
1141 2657
994 2658
995 2658
233 2659
851 2659
67 2660
834 2660
1294 2660
2140 2660
1769 2661
342 2663
1173 2663
583 2664
2002 2664
2510 2664
2543 2664
2614 2664
995 2665
1100 2665
1261 2666
1639 2666
719 2667
2018 2667
1256 2668
2152 2668
395 2669
1862 2669
62 2671
70 2671
389 2671
719 2671
1033 2671
1903 2671
1909 2671
1980 2671
2451 2671
2631 2671
235 2672
811 2672
1102 2672
1354 2672
1438 2672
1689 2672
1713 2672
2475 2672
1258 2673
919 2674
1603 2674
978 2675
1728 2676
2624 2676
962 2677
2086 2677
1155 2678
47 2679
262 2679
1947 2679
2645 2679
587 2680
2310 2680
1138 2681
946 2682
335 2683
673 2683
2537 2683
2093 2684
509 2685
914 2685
1261 2685
234 2686
1119 2686
1560 2686
1868 2686
882 2687
1583 2687
2427 2687
1055 2688
1735 2689
47 2690
2645 2690
389 2691
125 2692
126 2692
186 2692
299 2692
426 2692
463 2692
475 2692
586 2692
1045 2692
1436 2692
1520 2692
1677 2692
1884 2692
2228 2692
2315 2692
2339 2692
2414 2692
2422 2692
2629 2692
2641 2692
1138 2693
2140 2694
305 2695
670 2695
1141 2696
1526 2697
2245 2697
2293 2697
236 2698
341 2698
476 2698
521 2698
587 2698
965 2698
2110 2698
2310 2698
1425 2699
397 2700
754 2700
1141 2701
1520 2702
2339 2702
2315 2703
512 2704
1726 2704
321 2705
719 2705
1880 2705
1925 2705
2111 2705
883 2706
1769 2706
1816 2706
2140 2706
2405 2706
885 2707
1573 2707
507 2708
545 2708
726 2708
781 2708
962 2708
1249 2708
1774 2708
1936 2708
2140 2708
2170 2708
2314 2708
172 2709
1448 2710
1597 2710
14 2711
212 2711
246 2711
311 2711
564 2711
594 2711
616 2711
662 2711
681 2711
737 2711
830 2711
874 2711
945 2711
1053 2711
1283 2711
1544 2711
1803 2711
1847 2711
2076 2711
2257 2711
2564 2711
2570 2711
2590 2711
426 2712
925 2712
2037 2712
67 2713
219 2713
2211 2713
775 2714
2382 2714
20 2715
45 2715
55 2715
64 2715
76 2715
115 2715
152 2715
167 2715
193 2715
206 2715
216 2715
246 2715
254 2715
255 2715
259 2715
271 2715
364 2715
365 2715
393 2715
395 2715
418 2715
472 2715
484 2715
510 2715
587 2715
611 2715
624 2715
656 2715
660 2715
739 2715
766 2715
809 2715
854 2715
883 2715
956 2715
1007 2715
1009 2715
1010 2715
1056 2715
1092 2715
1136 2715
1141 2715
1166 2715
1171 2715
1214 2715
1264 2715
1299 2715
1313 2715
1380 2715
1436 2715
1471 2715
1512 2715
1533 2715
1538 2715
1619 2715
1629 2715
1697 2715
1704 2715
1710 2715
1729 2715
1740 2715
1771 2715
1816 2715
1943 2715
1949 2715
1954 2715
2014 2715
2017 2715
2023 2715
2031 2715
2083 2715
2136 2715
2224 2715
2269 2715
2364 2715
2380 2715
2388 2715
2395 2715
2405 2715
2425 2715
2426 2715
2569 2715
2572 2715
2583 2715
2591 2715
2635 2715
2706 2715
537 2716
117 2717
1010 2717
1924 2717
2299 2717
328 2718
387 2718
514 2718
539 2718
1216 2718
1388 2718
1389 2718
1510 2718
1760 2718
1789 2718
1824 2718
1909 2718
2245 2718
2438 2718
2624 2718
2715 2718
1208 2719
2310 2719
2356 2720
2715 2720
914 2721
2 2722
9 2722
66 2722
67 2722
109 2722
200 2722
217 2722
219 2722
233 2722
234 2722
288 2722
295 2722
313 2722
315 2722
327 2722
395 2722
404 2722
430 2722
439 2722
481 2722
500 2722
507 2722
572 2722
584 2722
616 2722
625 2722
641 2722
699 2722
761 2722
781 2722
790 2722
828 2722
843 2722
857 2722
871 2722
879 2722
882 2722
914 2722
958 2722
979 2722
991 2722
1093 2722
1107 2722
1123 2722
1141 2722
1144 2722
1155 2722
1156 2722
1245 2722
1249 2722
1254 2722
1256 2722
1263 2722
1265 2722
1277 2722
1319 2722
1367 2722
1441 2722
1444 2722
1450 2722
1461 2722
1551 2722
1560 2722
1588 2722
1603 2722
1698 2722
1778 2722
1841 2722
1847 2722
1863 2722
1879 2722
1942 2722
1962 2722
2053 2722
2088 2722
2105 2722
2124 2722
2170 2722
2182 2722
2214 2722
2231 2722
2234 2722
2239 2722
2242 2722
2257 2722
2265 2722
2281 2722
2313 2722
2314 2722
2318 2722
2322 2722
2335 2722
2363 2722
2404 2722
2427 2722
2444 2722
2445 2722
2469 2722
2520 2722
2538 2722
2564 2722
2570 2722
2588 2722
2589 2722
2624 2722
2656 2722
2668 2722
2686 2722
2708 2722
2369 2723
2613 2723
797 2724
1261 2724
2717 2724
351 2725
552 2725
572 2725
1085 2725
1146 2725
2093 2725
2193 2725
2201 2725
2261 2725
2283 2725
2528 2725
1769 2726
1262 2727
2310 2727
1436 2728
1099 2729
1660 2729
383 2730
231 2731
775 2731
2552 2731
898 2732
976 2732
1368 2732
1435 2732
1603 2732
916 2733
1563 2734
43 2735
321 2735
369 2735
794 2735
968 2735
1244 2735
810 2736
1416 2736
2349 2736
1220 2737
1019 2738
1280 2738
719 2739
1478 2739
1703 2740
2349 2740
58 2741
1193 2743
2663 2743
1909 2744
2542 2745
1744 2746
1873 2746
2578 2747
2722 2747
850 2748
1548 2748
1916 2749
2369 2749
148 2750
2018 2750
186 2751
299 2751
1406 2752
1607 2752
2182 2753
1769 2754
2715 2755
1316 2756
2369 2756
2612 2756
47 2757
148 2757
547 2757
885 2757
893 2757
1573 2757
1909 2757
2018 2757
2160 2757
2305 2757
2476 2757
2631 2757
2645 2757
1031 2758
617 2759
1983 2759
773 2761
174 2762
587 2762
159 2763
908 2763
311 2764
945 2764
1138 2765
2516 2765
2140 2766
81 2767
87 2767
188 2767
377 2767
957 2767
994 2767
995 2767
1404 2767
1735 2767
1873 2767
2175 2767
2289 2767
2341 2767
2442 2767
2140 2768
810 2769
2140 2769
891 2770
908 2772
2083 2773
1211 2774
118 2775
530 2775
1315 2776
47 2777
615 2777
719 2777
808 2777
893 2777
1903 2777
2147 2777
2654 2777
808 2778
1016 2778
1794 2778
1899 2778
1922 2778
1948 2778
2544 2778
2771 2778
219 2779
1520 2779
1135 2780
2138 2780
1836 2781
2093 2781
2326 2781
207 2782
2395 2782
135 2783
468 2783
1031 2783
1101 2783
1158 2783
1415 2783
1728 2783
1032 2784
2758 2785
587 2786
43 2787
854 2787
676 2788
2119 2789
2140 2790
1909 2791
2160 2791
2722 2792
1141 2793
1729 2794
2715 2794
1388 2796
2032 2797
994 2798
995 2798
2542 2799
2456 2800
7 2801
107 2801
125 2801
252 2801
279 2801
426 2801
475 2801
488 2801
845 2801
925 2801
960 2801
1073 2801
1532 2801
1699 2801
1703 2801
1828 2801
1832 2801
1857 2801
1977 2801
2312 2801
2315 2801
2399 2801
2484 2801
2585 2801
2703 2801
2625 2802
470 2803
476 2804
2140 2804
2310 2804
1769 2805
2715 2805
1284 2806
2111 2806
664 2807
1136 2807
513 2808
2111 2809
2170 2809
962 2810
2140 2810
1667 2811
1934 2812
1769 2813
2372 2813
1016 2814
1948 2814
2395 2815
1573 2816
1824 2816
1909 2816
2160 2816
2241 2816
2305 2816
2631 2816
247 2817
2563 2817
631 2818
664 2818
587 2819
1769 2819
343 2820
1141 2821
2670 2822
47 2823
241 2823
1008 2824
1909 2824
2662 2825
2516 2826
2663 2826
43 2827
761 2828
1108 2829
2775 2829
914 2830
1261 2830
854 2831
1388 2831
537 2832
1003 2832
2318 2832
2734 2832
1611 2833
1783 2833
1847 2833
1988 2833
2391 2833
2508 2833
2545 2833
2626 2833
1836 2834
2093 2834
713 2835
2742 2836
43 2837
281 2838
570 2838
622 2838
737 2838
782 2838
1013 2838
1669 2838
1994 2839
156 2840
387 2840
650 2840
1040 2840
1200 2840
1289 2840
2046 2840
2301 2840
2349 2840
453 2841
795 2841
880 2841
926 2841
1153 2841
1212 2841
1434 2841
1518 2841
2093 2841
2113 2841
2429 2841
2716 2841
587 2842
1893 2843
1388 2844
2140 2844
1728 2845
1873 2845
914 2846
1261 2846
1319 2846
1388 2846
1548 2846
1817 2846
1890 2846
2424 2846
1031 2847
1836 2847
2785 2847
219 2848
395 2849
96 2850
153 2851
1321 2852
1461 2852
1019 2853
2267 2853
47 2854
455 2854
1873 2854
914 2855
1408 2856
2093 2856
1624 2857
513 2858
2431 2858
2093 2859
854 2860
2097 2860
1136 2861
903 2862
1660 2863
1767 2863
43 2864
995 2864
1063 2865
2263 2865
1388 2866
47 2867
808 2867
1873 2867
2369 2867
2566 2867
303 2868
542 2868
801 2868
1108 2868
1388 2868
1485 2868
2140 2868
2715 2868
2718 2868
2775 2868
2796 2868
1614 2869
1769 2869
2459 2869
2315 2870
2801 2870
369 2871
9 2873
288 2873
607 2873
786 2873
819 2873
916 2873
962 2873
1141 2873
1245 2873
1325 2873
1648 2873
1769 2873
2053 2873
2234 2873
2322 2873
2455 2873
2678 2873
2711 2873
2722 2873
328 2874
2037 2874
854 2875
707 2876
711 2876
2329 2876
1089 2877
186 2878
1354 2879
1490 2879
47 2880
2851 2880
152 2881
1533 2881
2715 2881
218 2882
2372 2882
47 2883
1296 2883
439 2884
73 2885
2093 2885
539 2886
2711 2886
1694 2887
2127 2887
408 2888
1725 2888
854 2889
1919 2889
32 2890
97 2890
268 2890
391 2890
458 2890
503 2890
667 2890
746 2890
830 2890
914 2890
1102 2890
1115 2890
1141 2890
1170 2890
1237 2890
1319 2890
1358 2890
1438 2890
1486 2890
1689 2890
1830 2890
1852 2890
2182 2890
2242 2890
2352 2890
2361 2890
2427 2890
2520 2890
2525 2890
2646 2890
2873 2890
578 2891
46 2892
2140 2893
2890 2893
14 2894
218 2894
219 2894
313 2894
400 2894
464 2894
681 2894
750 2894
757 2894
758 2894
765 2894
854 2894
1093 2894
1141 2894
1148 2894
1149 2894
1179 2894
1275 2894
1513 2894
1548 2894
1603 2894
1739 2894
1759 2894
1863 2894
1877 2894
1909 2894
1967 2894
2250 2894
2342 2894
2363 2894
2598 2894
2636 2894
2686 2894
2688 2894
2713 2894
2722 2894
2733 2894
2113 2895
218 2896
1769 2896
801 2897
1388 2897
1878 2898
2037 2898
