 2723	1124	2874	 2874	915	1246	289	2235	10	2054	2323	405	2748	1264	980	844	2445	1445	1462	110	1156	 2141	2687	501	 2579	 2628	 2062	1770	 2547	959	1368	314	2709	 1091	2669	 2251	1848	 482	 2445	 2853	762	328	2571	2240	2282	316	2258	1257	782	829	2589	2470	1142	880	1094	2243	2625	2539	2106	1250	1963	2315	234	700	508	2657	791	1145	 1445	 2895	235	2319	2336	67	220	617	1552	1880	482	1864	2232	2314	440	2125	573	68	2521	2089	1604	2590	642	2428	2183	858	431	296	2446	 2679	2215	872	3	1943	2266	2895	1278	1451	1589	201	992	2405	1561	1108	2171	1842	883	2364	2793	2565	1255	1320	1157	1699	
2723	 1142	 396	1212	 2895	 915	 1561	 1842	 1863	1397	 1094	2687	1844	2670	 1770	1819	 2597	2578	2617	 2775	2702	2355	 1002	2310	1396	 77	 992	1807	2295	 1257	27	2850	739	813	 1552	 1320	 508	2874	967	 2539	2255	2456	 1445	 2874	 2171	 235	1770	 2428	 2160	2716	 328	 2625	 1880	921	 762	 1250	 2565	 782	 110	 2315	 2589	1150	1607	 1451	 289	 10	 1864	 791	 1943	917	 872	 1246	 2266	 858	 2793	 2235	 642	 2336	 1157	 431	 440	1880	 2243	 296	 1108	 880	 1589	 2215	 2054	 2232	 2323	 2669	 2657	1797	 1278	 201	1206	 829	151	 844	2429	2072	1656	2222	2794	2658	 220	 234	 1124	 2106	407	 1848	121	 980	 2445	 2521	 2240	 68	 1604	 617	 2748	 1255	 2571	 1156	 405	 2125	 3	 2314	 67	 2258	2141	 1462	 314	 2709	 2319	 316	18	 1264	 573	 2282	 2183	 2405	 2590	 1699	 2446	 2089	 1963	 482	 2470	 2356	2669	 1145	 2687	 2364	1491	 700	
44	 509	 733	 2218	540	 1353	 1050	 778	48	2148	 122	2299	 1241	 456	 1187	 674	 368	 1457	 2088	 282	 1059	604	 571	 2246	 2067	 623	 2736	 2112	 2828	 109	 1720	 1518	 2095	 480	 1524	 1634	 678	 449	 1392	 2053	 2305	 1537	 2066	 1088	 1240	 2386	 406	 576	 1335	 357	 1744	 2497	 2046	 2059	 742	 928	 2202	 1530	 1449	 1014	 1573	 1749	 1566	 2453	 1107	 869	 1185	 355	 2788	 1485	 645	 972	 131	 2028	 720	 1828	 285	 1044	 2865	 1908	 343	 393	2126	 2838	725	1185	 911	 1631	 1324	
894	 894	 1910	1910	1904	720	 720	2632	 48	71	1825	 1855	 1904	 2632	48	390	 2306	886	1855	 149	 390	 1574	2672	 71	 886	 1981	 2672	2567	2778	 63	 2778	2655	 2161	 498	2306	 2631	498	 2567	2019	 1874	 2655	 900	1253	 1494	1494	2758	 970	 1253	 1965	 75	970	2078	2518	 2518	 893	680	 305	 2308	900	 2758	 1587	 421	 2242	2308	1056	 616	2333	 2817	616	 1425	1965	962	75	2692	1610	2288	1018	764	 1549	2273	537	845	 1939	 1638	 1899	 182	 2160	2631	893	1330	 2452	623	 764	 943	305	2504	182	2452	307	 1008	 502	 962	 2503	1605	 2299	 361	 848	1587	 2692	
588	 477	2311	 2311	 1263	 1223	1964	2699	 2699	 966	1263	2111	1223	1475	 2535	 523	 342	 237	 925	 2390	522	2495	1770	1256	2390	 1475	 594	 1997	 2681	 2301	 902	 1198	 1969	 1838	 279	 1022	 2010	 1316	 2118	 793	 2473	 990	 284	 1653	 1389	 1506	2805	621	 448	 2843	1543	 1966	2056	62	857	2298	 2451	 1928	 2641	 2720	 2787	 2820	 239	 367	2110	2026	 385	 100	1653	 49	 944	2777	 1049	 1239	358	 1256	 842	815	 1677	239	1209	2451	 2360	 2237	 1209	2728	1141	338	966	356	 2728	1783	100	 2141	 358	2720	2247	 815	 2298	 62	925	 522	 1869	2360	824	 2716	976	 1355	 2553	1546	1239	830	753	 175	1389	 830	 753	556	 556	290	1473	 2247	1048	 364	503	
 1558	48	2646	1034	2160	 409	 2161	 2019	 529	99	 48	720	 2160	848	 149	 2632	 75	 1910	2019	1770	1874	 1874	 2223	1910	2132	 2680	1372	 2646	 2610	2332	 2603	2603	2141	149	918	893	 1403	 696	2161	1695	 242	 1770	 2141	1063	2758	2230	 2477	1383	1184	1798	 918	 848	1948	2413	 1376	 888	 2256	2411	 1474	2273	 2394	2070	2333	 2481	 1249	 2522	1915	1385	 643	 949	 638	 205	 55	 42	 35	2751	2128	2575	1987	 988	643	 1275	 1691	 1165	1272	 2036	375	603	263	 1821	 861	 1341	1479	529	1574	 1427	 2582	297	622	 2888	680	 1164	 2045	1580	 2691	 346	 1982	 1169	1237	2037	 1692	 548	609	 1569	 1851	 1961	 680	 1210	696	962	 2740	 2758	2504	 2273	 2271	1687	955	1427	 2672	 624	876	1929	 2452	1465	 49	 1492	 1508	 391	 1087	1523	 1643	 954	 1938	1681	2889	698	
 300	1659	187	 2415	1024	 1437	 519	1078	1576	1762	2274	381	2693	 2	2423	641	1557	 91	468	1922	1218	2148	2112	1247	2492	2051	2752	673	1585	1663	2229	1626	1227	2214	2142	859	2221	66	2192	1114	1138	2376	2640	2007	1641	1721	2337	2109	426	2076	251	2042	1424	1577	2203	1609	559	563	1329	904	2171	1643	 836	2536	1861	2729	2422	 2280	512	1046	470	 904	490	 2142	1203	
 588	477	 2311	1223	 1964	2141	2311	966	 2111	 2699	2699	2535	523	342	237	 1223	 2495	 1475	 1506	 1141	902	2681	2301	1198	1997	2763	1969	594	1838	284	279	1389	1022	2118	990	1316	2010	793	2473	175	 2805	 621	 2360	 2056	 857	2298	62	1475	 1546	1966	925	 338	 356	2390	2451	 2777	 239	 367	1653	2820	1209	 2026	 1256	 1239	239	 1783	 2247	 175	1355	 2390	 522	 1653	 976	 556	1263	 966	2641	 2298	448	2787	 1473	 62	 925	385	545	 2763	753	2553	2237	364	2360	 1263	1141	2843	1677	824	 290	944	2247	 1770	2716	1869	842	556	1049	49	1399	 753	 830	1239	830	
 996	995	 995	996	1793	 2655	 1793	 2333	1187	 1587	182	 2113	2567	 2567	2655	2333	 182	1910	1587	 1064	720	2141	 1101	 680	315	680	 2141	 2768	361	 361	 1874	 1910	2212	2353	 2353	 315	1342	 1197	 1745	1197	1874	 48	 2469	 894	2768	2659	689	1811	1526	2484	1623	2799	442	 2484	 2659	 1811	 442	 1526	 2799	 1623	 719	 1648	2865	2574	2666	1745	719	1648	623	2866	1549	 720	48	2418	 1770	520	894	2644	1018	1019	 906	1610	 1018	906	 1549	537	 1610	2288	2320	2113	 2264	 689	341	977	1170	891	 2714	2342	 1019	 68	 2785	 1981	1033	 1624	 2517	 2418	1405	2747	
300	 904	 1659	187	1428	519	 468	 1609	 381	 1577	 2640	 859	 1641	 1424	 1576	 2214	 1227	 1663	 2192	 2042	 2076	 2492	1482	 721	231	 1024	2324	2307	856	 395	 2693	 1247	 991	 1974	 187	 2148	 1329	 1762	 2142	 2171	 1218	 559	 426	 1114	 1138	 1557	 1922	 66	 2274	 1585	 2376	 2007	 673	 251	 563	 2221	 2337	 2112	 2229	 1078	 2109	 2203	 470	 2536	2	2297	691	 2051	 1203	 1643	 1626	836	91	1770	
2161	1574	 886	 2161	 2019	2632	2019	886	 2758	149	 2646	 1825	 1910	2758	2306	75	 962	 2817	2477	 1574	 2632	 894	 71	 1427	1055	 720	 149	 696	 2306	 1383	 2477	1383	 2452	48	893	 13	 2230	 2283	 1996	 1352	 1515	 2132	 2220	 1907	 303	 2708	 1563	 2751	 817	303	817	 803	764	2132	 1904	 2242	 2160	 1874	2273	 529	 2603	 1770	 848	 247	 775	 86	1515	2646	1910	 1408	548	2708	 1169	 1063	 1847	 2654	 2618	63	1907	 1587	696	
47	 624	 2386	 1031	2517	 1451	720	 1457	 742	 154	 874	 1699	 285	 1670	 2159	 343	 1050	2193	591	 939	 440	 1604	 1874	 674	1008	2692	 1276	 1652	 456	 2246	 1505	 1456	 330	 2893	 1371	 1323	 1036	 1614	 2182	 664	 2185	 1664	 2497	 465	 5	 1267	 1573	 1329	 95	 19	 2279	 978	 355	 216	 1392	 1581	 922	 1940	 904	2190	1984	 1911	2852	2366	1813	921	2643	 1901	1874	 1203	540	 2504	 1908	 1730	
 1034	1558	409	 48	 99	2141	529	 2160	 2646	48	149	2223	 720	 1372	 1874	 893	 918	 1770	 1929	 2132	1063	918	1403	 1695	2680	242	2104	2610	 149	 680	 1063	1910	2273	1982	1851	 1383	 955	 1523	861	 203	 609	 1687	 1948	2256	2559	 1798	 2889	 375	 1237	1341	1821	35	 1479	1275	2888	696	2019	75	1165	 2141	1549	 1580	1385	 1184	 1465	375	2288	 297	 2575	 2411	 698	 876	2205	643	1726	 924	 2128	 2070	1300	 1987	 1624	 2333	49	 421	 529	 1910	1210	203	2603	1961	 2037	 1750	848	2452	 2567	 2655	 2161	1687	1586	2672	 1574	636	174	2740	 1506	548	949	2506	2394	2036	1938	638	1692	1691	1643	1508	1492	1203	1087	954	55	 1915	205	391	2475	
 540	702	1353	474	226	1271	2361	1391	2126	120	 1162	 2126	2719	2246	1320	1142	1852	1617	674	897	1255	1770	2564	1840	2088	368	1586	1333	2887	2122	611	1527	1931	1666	1979	283	1782	1582	380	1901	 44	1324	 2138	 474	 268	 1127	 1440	112	 1292	2031	 2414	 1770	 731	 1840	 1389	2637	 1869	1170	
 2094	 1837	1032	1837	 454	 479	2517	 2784	 1038	693	 1159	 693	1885	1491	1228	2261	2782	505	2442	 2848	1038	 2142	1300	1095	412	2082	2835	1016	4	1921	554	454	1029	1409	1348	462	 1029	259	 2759	 2537	619	 2297	1455	1945	1102	660	2786	 462	 2566	2842	479	 512	136	469	 2261	1416	 2327	 1455	 1945	14	2408	2076	1159	 468	1556	706	 969	2685	820	578	2566	1799	828	491	1611	854	2886	594	2848	404	 1762	345	427	2238	533	2860	493	2784	2857	956	2568	 1556	 1626	2148	
1262	915	 176	510	 1818	2718	 1142	 2686	 1270	 833	 1351	 1362	2847	1351	 1661	 2725	 810	 905	 264	 429	 2093	 873	 1618	 2145	 2831	 1529	 1831	 1770	 510	 2847	 2116	 2425	 1925	 1870	 2533	 1768	 1891	 173	 547	1480	1849	 439	2864	2730	2404	 1100	1618	798	2141	 1389	 1874	 2667	 1214	 666	 1037	 1470	 1919	 506	 118	 2416	 2300	956	2416	769	2533	1919	 1015	 1404	 762	2710	 340	506	197	 1011	247	 2856	 1303	 653	 1785	 2722	 1367	149	 1731	2632	2891	1558	 1327	1258	 1260	 1258	 1730	 1490	48	 915	75	
909	 1598	2146	 1551	 1727	 969	1727	 513	2518	 720	1598	 2518	 580	 2146	 44	 48	513	720	 2434	48	 805	1770	 827	 627	 1496	 1288	 1454	 1892	 1735	 1261	 524	 150	 994	 2764	 1770	131	694	2705	1998	 2705	1725	 1697	805	 1549	911	697	 1874	66	544	2632	2434	574	 1474	2557	 2097	 2632	 2645	 798	 1926	 555	1512	 629	2160	 735	 2299	 1134	 2487	 679	 717	2199	 1220	2711	1910	 2773	2646	 1008	 122	204	 544	418	2520	 1683	 2172	580	 2366	160	 1725	1013	 2711	2375	1058	
 915	 1262	 510	1362	 2718	1011	2686	176	1142	1270	833	1818	 2847	510	810	429	905	264	2093	2831	2145	1529	1831	873	2847	1351	1618	2116	1925	2725	1891	2425	1470	1015	547	1490	1260	2667	 1480	 2381	1770	915	1874	1870	2247	2141	1389	 1490	1768	1214	1730	1258	2891	762	1765	1208	1367	407	173	 1260	 1258	1662	2722	1919	 1230	1037	2416	1731	120	2300	1404	506	118	1262	1785	653	340	439	 1470	1327	 1142	1303	 1015	2533	2856	504	 640	 247	666	
 855	665	1137	 579	 1172	 1389	2716	2389	930	1611	2832	2890	1281	1654	2653	 238	 1251	 2808	 1967	 1671	 451	 632	1950	2378	 2716	2148	1320	1785	2895	2141	778	674	1050	2876	2542	592	2374	720	1447	1307	646	584	2564	2081	2554	2003	2571	1157	2861	 1539	 1394	2291	 2158	 1193	2165	1539	2892	 1920	2444	 2378	 2819	 2739	 930	993	
 82	82	189	 1736	 189	2768	 1874	 421	1949	 780	 2208	 914	 2779	914	1874	 378	 2768	1736	378	 1362	 88	1362	 2254	 254	2254	254	1152	250	1017	42	2370	2609	 898	 2385	 2437	2385	898	2437	 2443	252	1148	2443	2317	630	1900	 2815	 2424	2187	973	 1469	 1750	 1152	996	2205	1910	 2141	1549	 2609	 2080	182	2160	1565	 1196	 1148	1923	 1602	2772	681	 1787	107	 1448	2479	 630	 2479	1009	652	64	2004	1602	1750	566	2561	 1870	 958	2080	2021	1971	2582	 1971	 1949	 1565	 334	
2094	1837	 1032	454	1038	 1300	2784	 259	 1038	 1921	 1799	 2517	 505	 2782	 1348	 1409	259	 454	 2442	1799	1159	 1885	1300	 1095	 2082	 1016	 2835	 412	 4	 1228	 2842	 554	 1837	 345	 2857	 2886	 493	2848	 594	 2261	1921	 619	2537	2759	 1102	1	 1	 660	 2786	2142	1348	512	 1416	1409	999	 404	 469	 491	2297	2857	 820	594	493	345	1762	 2284	2327	 1611	 999	 956	468	187	74	 136	 1147	 706	2132	 2726	 2860	834	 2238	 854	 14	 834	 2685	 828	 533	
1874	 1729	 2288	48	1933	749	 1689	 48	1615	2655	 1321	 1624	 1244	 2664	1640	 2567	 894	 809	 1638	 71	1312	1174	2123	37	269	1067	2460	 1311	1517	 1770	2377	 669	 1468	1502	 1906	 2162	748	2744	1042	 456	1910	 47	 1929	 624	 687	 2655	1855	 918	 1640	 1604	2692	2667	 2009	 2135	 816	2128	 2870	 1233	1425	2288	 1427	803	 1287	 631	 2160	 1081	 2868	 987	1770	1981	 1276	 914	1056	 99	 1598	 827	278	 2768	680	 2587	 1457	 720	1357	948	 848	 378	 1910	 2287	 1384	 149	 2141	650	 2667	 1574	1536	 2618	 735	 748	 1728	1052	78	 1153	 1152	1105	 572	2144	 1219	 2569	 647	 1194	 1362	 555	2827	 1148	 2632	2130	182	1652	 1330	794	 1916	
1729	 1690	 1874	 1103	2673	 343	 1615	2625	 1355	 1770	 1981	 2460	2141	 48	1877	774	1689	1321	 812	2664	 2673	1355	1563	1770	 2677	 1312	 1174	 581	 1536	 2123	 1517	 1067	 2567	161	2354	1714	236	2417	1468	1194	1212	1090	1834	 2377	 2744	1244	 1955	2891	 1855	 2625	987	 1640	2029	434	822	2716	 1549	2409	 2365	1694	2667	 1544	2870	1820	1497	1233	425	 161	 236	2514	1491	 1537	631	 1539	1597	1426	 1033	 2191	 2784	 2339	 2067	 72	 1652	 1960	 948	 37	 2092	 1105	2588	388	1876	2273	 2433	 748	 1714	 189	 1638	 794	 2762	 1574	 2632	572	669	 1876	 2878	 1899	 181	 1135	2288	 165	 2454	 642	48	1330	 1040	
 2148	2373	456	720	 1770	676	 90	1874	 331	271	1509	187	839	 2065	 648	 1349	 1862	 457	 2596	1318	 2159	 1670	322	987	2112	 1939	894	 1586	1910	2130	1994	855	 2632	2408	1762	2421	1059	1394	1056	1989	2359	2605	6	895	1542	1293	1406	1289	2450	2778	900	83	1439	841	1137	2094	2632	 1050	 456	 382	 2369	 2059	 2883	 2435	 783	 1538	 532	 1786	 2242	1690	1193	1894	2148	217	713	
855	 665	 1137	1137	579	 2716	1172	 1539	238	1389	632	 1318	 930	2716	1539	 1281	 2890	451	1251	2808	1967	1671	 2832	1225	1657	2819	272	2137	 1657	 1225	 1654	 2653	 2861	 1611	665	 2895	 1950	1300	 632	 2378	 674	 2571	 2819	 720	 592	 2788	 1447	 584	 2003	 2141	 993	 778	 2564	 1157	2158	1394	2739	930	 1785	331	1318	 2862	430	 2554	90	 2876	 2291	 2165	 2444	 2374	 2081	381	 646	 1307	 430	 2016	 1204	 2542	2378	1920	 1476	 1767	 2892	2098	1204	1193	2016	2862	 1050	
969	 368	540	714	 2246	 2564	 1749	 2088	1055	 702	 248	1216	2698	 701	 718	 2248	 1333	 611	821	29	 1527	 1391	1333	2818	 2031	2414	 1068	268	1162	 1699	 1666	 202	 544	 555	 1292	 2171	 735	 474	 2138	 2518	 513	 2112	 909	 2003	 1032	 574	 993	 1299	 1860	 2434	 1693	 66	 1285	 1973	 1185	 1298	 2645	 209	 629	 1598	 1485	 2396	 542	 2736	 112	 694	 2836	2035	 2294	 1134	897	2061	 2028	188	826	58	104	 1353	 1840	 13	1763	1598	
 2112	322	 322	 839	720	2148	839	555	 1894	1881	2706	1598	1926	 720	 969	1446	 2632	 555	1860	 2706	 1926	 1881	2632	1874	 1874	1770	2520	 1059	 676	383	2241	2807	2810	 2524	 2171	331	 1875	998	 1285	2131	2171	66	 1598	219	2518	2146	2736	 2421	 895	 542	152	251	1161	923	481	2844	 140	 984	2577	 249	 1384	202	1994	2421	 2736	 2504	1134	 202	90	 331	
 963	440	2709	 1880	573	3	 2141	 1322	2410	1999	2494	313	1085	1273	1776	1079	487	 2153	 2441	 745	 2186	1145	2853	 1699	 47	1051	2186	1699	 573	 1831	2811	2185	316	2874	1880	2282	747	2595	1438	2189	2262	417	2064	22	2678	317	1433	1484	354	2429	1142	2669	 2643	 2657	1888	 2405	2020	1778	 1108	 1411	 2885	 1453	 458	 487	 1250	 782	 2315	 727	 546	2089	 1462	 508	 1775	 198	1715	 2171	
 2802	 2316	108	2316	 1417	 1533	1533	 2048	1761	1858	2485	961	 2008	 2271	476	8	 1500	2400	2306	1995	846	2313	926	2704	2871	489	1074	280	1978	1833	2586	1594	1595	 2540	 1800	 253	 1553	 1822	 1595	444	 372	849	 825	 2140	 2400	1822	 2154	 1549	 715	253	 48	427	126	2719	587	715	2622	1829	2107	48	 1511	2642	 615	 2569	 1313	1560	106	1700	 2840	2140	2008	 1358	 1503	1339	 929	 444	 1755	 2633	 2273	 2200	1972	 2432	 2439	
 909	1551	735	 2146	798	720	 285	 720	44	 1828	48	580	 735	627	1454	1735	1496	1892	1288	1598	2764	150	524	994	1261	 131	 1512	 1727	 1998	 2199	 160	 726	786	1183	 307	 179	2366	2146	 969	935	2413	 1874	63	1874	1926	 805	805	629	513	2434	1820	1008	 1549	 2382	 1719	555	2518	1727	2632	1220	717	2773	 798	799	 645	2517	 799	 972	1770	 1485	 935	 1058	2487	2104	 1725	1683	1549	 697	2046	679	 418	 1183	122	602	1548	1647	 204	 2557	 2725	 393	 2504	
2047	 2350	651	 2047	 651	2841	 2841	 589	 2302	2302	589	 157	1296	157	1756	2012	 1201	1201	 1993	1993	1290	 1826	 347	 1041	1041	1826	 321	321	 1756	 327	388	 907	974	 1061	1061	159	163	2050	 142	447	 1290	 1296	 185	 388	 1866	427	106	1521	1080	 2639	 2466	2233	 2583	1829	2719	2197	1690	2141	1173	327	347	1045	
1320	 917	 2268	1389	1103	 1389	 2891	2268	84	1020	 1020	1439	 1382	 2847	 2098	 269	 2673	639	812	1906	 84	 1777	 1792	 172	 1270	 176	 1882	 847	507	 2898	2854	2598	 2417	 1877	 2854	 2598	 1090	1338	802	2162	668	98	 1502	1142	 2141	1818	 2719	 1869	 1714	 1785	 1988	 68	1217	 1633	2874	2625	 2739	 37	 171	 2349	 1142	688	1035	 1103	 1940	426	2215	2309	2358	110	2454	 1876	2878	2861	 1283	2739	847	 236	 89	1073	1244	 1486	 1005	1124	 1834	16	
809	 2139	2370	48	 1770	2567	 246	1366	 48	 2868	 1119	1732	 193	2545	 1874	2475	2613	1297	 670	 2757	 2083	134	 1985	 868	 2779	1317	1917	1841	2198	636	 1737	 2750	 2292	 1669	1549	784	 2884	1123	 1823	1280	 2649	1575	 971	 1750	1155	311	 687	 1081	 2117	2070	 2778	1874	 2567	1750	1987	 99	 914	 1311	2781	123	1254	2585	 1981	 2551	 2724	 2287	 1675	 1549	403	 123	 2304	
 1265	755	2084	 810	2716	 2084	1142	 2716	1222	247	1620	2141	 1011	810	2381	 247	 1222	 1705	2174	 2174	 1142	 2449	 2096	1449	 396	1360	2024	 2025	 1381	 2381	1887	819	684	306	1332	 129	 2398	 408	408	 612	 614	 677	671	 2696	 1620	 1702	 534	2449	 2247	1300	 779	 2711	2490	 1400	 2701	 634	 1567	 1345	 1279	2397	2075	 446	2276	 2458	2789	 1887	 2774	2482	2115	1230	1702	
1981	 2161	1443	 1825	 946	2817	 1910	149	996	 1187	 2078	 2632	1064	2452	48	 1574	 1904	247	2104	 75	1855	2306	 995	 894	 2672	 1983	 1563	 2644	 1319	 520	2264	 2866	2765	1934	292	 390	 1342	962	2719	 2306	764	2610	 2469	1019	2273	 1638	 149	 223	2418	2655	 1081	 948	 809	 352	 1033	 2591	 455	 72	 904	63	 682	 875	 772	 649	 1122	 2376	1899	 870	1832	 1311	 1804	 17	 68	 312	595	1101	 914	79	 2242	2631	 624	 2178	
1730	153	 153	1869	 1869	 2032	1168	 2329	 1139	1761	1665	 628	2114	1583	416	881	 2462	 416	2462	 1665	364	2716	 599	 2716	 1770	 1111	 2196	 1724	 2489	1111	2196	 124	 172	 1160	 319	319	 191	191	1205	 919	 1622	 1682	1696	1859	2687	 235	 2154	 1437	 1092	 1790	 568	 1861	 2201	1838	 1838	277	 277	 933	1836	 2352	2181	 890	1282	 597	 2181	 2493	 1282	1143	438	2465	349	686	2387	 1616	1672	 244	 1701	 771	162	 2047	777	1154	 45	 1301	235	 1730	 2896	
 1320	68	2141	 1033	 1389	1101	 573	 1306	172	 844	1389	1777	2098	1792	1270	 436	 1733	 940	 891	1882	 2661	 840	 1085	 2666	1070	2847	176	 1604	635	2062	2186	 2314	2268	1869	 1712	855	 1192	 2212	917	 980	 2714	 84	1005	847	1633	171	2891	1142	2349	 181	18	 1981	540	 1902	 137	 111	 920	1071	1785	269	 2364	190	 1230	137	2714	996	 341	2785	1770	 977	381	 2625	 1473	 976	
2802	 108	2316	1417	1533	 2316	2048	1761	 1533	 1858	 476	 2485	2008	 961	 8	615	 887	2439	 2400	 2871	 2313	 926	 2704	 846	 615	 1074	 489	 280	 1700	 1978	 2586	 253	 1833	929	1358	2200	 1594	 1235	372	 2719	1800	2271	2400	 1761	2413	 715	2273	1511	 444	 427	1503	2540	 126	 2019	1500	 2306	2432	 48	 1358	1553	 929	1313	1755	1560	 1829	2633	 2642	 1972	 106	
2350	 2047	2047	 2140	 447	2140	 2012	447	593	 593	 1328	1328	 1296	589	 1045	620	 620	754	 754	388	327	347	 589	 1756	 974	 159	 953	 1080	 24	907	2348	461	1459	 2348	2548	 1459	 2548	142	2210	 2210	30	 864	 1608	 30	864	1608	2753	 2753	 1290	 327	 2841	 651	 2741	 708	 1190	 2402	 422	 1746	 662	 1521	 461	2507	258	1325	1023	850	2583	 1407	1045	411	2600	1080	1021	1407	2593	2466	 2737	 1021	 163	 106	 2050	 2572	 2593	756	
963	 440	473	 3	 244	 1079	 22	 1730	1699	 1776	1322	1880	 1273	 2189	 1145	2141	745	458	1701	45	2153	2441	22	 354	 2669	2467	 1748	 2410	 2494	 313	 1999	 316	1770	 1715	 1880	 2089	 2282	 2874	 1699	 2709	 573	 1433	 2064	 1484	 747	 1505	 1085	 2185	 1051	 2262	 1438	 2186	 2595	 2678	 417	 317	1437	 487	1108	 2422	 2716	1776	2657	 1629	 969	2405	2643	 1077	 2853	 257	1257	130	 130	1411	2885	198	 240	1453	838	 1380	
 2891	2891	2183	2428	 2874	 1359	1984	 1831	618	 2117	 48	 2517	48	 161	1649	608	 2688	 2362	 2353	883	 1116	 1477	 2141	459	 1909	328	1764	 838	 2275	1487	1171	 1429	 69	1142	2290	 1142	 2760	2679	 41	752	 570	1690	1385	915	2464	 529	2243	33	 658	 831	 809	2539	 2319	581	 2619	1326	 98	 747	747	 2521	 309	 1439	 269	 2567	 618	 2754	787	 467	 1754	1584	 2243	 1758	 2768	 1963	1923	642	 1156	354	392	 1487	 1171	2521	 459	1051	269	820	1853	 668	2456	
2895	 1604	220	1869	2733	 2687	 2637	 2895	 1142	 1150	 2255	1295	1070	 843	 220	 1180	 1878	 2714	 2251	 219	 766	 1864	 1740	 2689	 162	835	 2471	 2661	2675	903	1740	1094	 1369	 1869	1142	 314	235	 1910	 2364	731	 1549	2471	 1094	 682	 401	 15	 465	 1514	 2734	2141	 1149	 1968	 48	 731	1561	111	1981	 2780	1902	1570	 2849	 285	 899	 1436	1056	 977	1071	 47	2517	1439	 920	1120	939	 1814	 2599	
2038	 414	427	 926	 760	 1302	711	329	 2615	 166	 2448	 2179	 1336	 1177	 2875	 1248	 2713	 1879	 711	2612	 732	 706	 2594	 578	 427	 2094	 2316	 329	 2899	 1023	 1893	 1757	 145	 1796	 187	692	2886	2713	862	1723	879	757	2541	1854	 94	 1703	 908	1434	 2253	 74	 44	 961	2899	 1583	
1736	 1893	908	 908	1893	378	 914	88	 378	 326	326	 1736	 541	 1030	 2239	1030	2239	 2768	2163	 250	 92	 88	 182	1247	2234	1423	114	707	518	550	 1423	 518	 114	 707	 2234	 1461	1461	 832	743	 743	832	92	 1001	 193	348	2393	765	 1023	1023	128	1089	 1089	 128	2316	1858	1448	 2163	 2609	225	 11	 658	 2690	 1083	 1769	182	320	 195	567	737	1843	
 2370	421	 809	914	780	 1949	2779	2208	 1549	1750	 2545	1770	 1910	2139	1196	2757	 1017	868	 409	48	 2613	99	1737	2750	2292	 2317	 1900	 652	 2021	2815	 2187	 973	2424	1469	 1136	1366	1874	2567	 2582	 42	 1317	 1917	 1841	 1081	 1904	 2479	2778	2475	1669	2724	2585	123	1254	2083	670	1736	 566	 107	 681	2287	2551	 1843	 737	 2505	 2321	 567	 1923	 2772	 64	 2561	2847	 2205	2781	2479	 630	 1795	 311	
 2141	 1139	 2496	2549	2396	 1766	 1990	1990	 2716	26	147	2568	2472	374	196	1856	 1568	 2180	1766	698	 969	1184	1987	 1950	1011	247	174	388	1770	1033	1230	1208	1765	1110	2580	176	1897	2141	1681	2805	2625	2770	779	2559	950	33	617	915	2508	436	1346	940	1369	2811	1118	2436	2682	397	1363	1372	273	1006	931	2694	 335	2766	1612	1060	2180	 424	 1770	918	1263	2661	1142	 2148	1048	1103	720	2231	1473	1546	503	 208	2247	1465	1543	1793	573	1300	976	2333	1973	2709	890	2567	
2112	 219	 48	571	 2839	 415	623	 1874	738	1929	624	2335	 44	 720	 2299	456	 383	 66	1670	282	 2146	369	 2023	 203	 1134	 1008	555	839	 1770	 2518	 969	2434	 1881	 555	 322	 839	 1926	 2632	 2171	 2104	 923	 2241	 1860	 2810	 152	 2645	 1598	 2807	 251	 2706	 481	 1161	1059	1014	2883	2351	800	2188	1395	1099	1730	2716	783	1603	 2188	2632	1390	278	1025	924	
 2038	 427	414	926	 329	760	1302	 711	187	427	2448	1336	2615	166	2179	2713	711	2594	1248	2875	1177	732	 692	 2612	94	 961	2316	1893	329	1879	1796	2094	1023	145	1757	2899	706	578	 2713	1992	908	1703	1173	912	1129	1837	961	388	 1723	 862	 2541	 1854	 879	 2453	2253	 912	 757	 1434	1583	1379	
1276	 1729	 695	 2719	 1981	1738	865	 1812	 20	373	2519	 81	 1516	 1770	2625	853	 79	 863	 672	1936	536	1390	2073	1983	437	 882	433	1350	2109	1033	2468	388	1825	 2895	 1730	682	2716	 1960	 2092	 2102	1790	 1142	 47	 1874	 1443	 1689	 2339	515	773	2178	914	2591	 2109	 1350	1217	1511	2439	1910	2092	1607	
514	2432	 1924	 1771	 185	185	 1993	 2049	 488	 1166	 2419	 2859	 741	 2447	 808	 1252	 997	 2512	28	 2014	 2263	2512	 2432	2447	 2302	 2340	 1413	 1478	 2809	 2431	 2611	 1835	 797	987	2528	2507	1734	797	 1680	 2507	
2148	 2373	 456	 1439	 720	1876	1586	2288	1770	 1874	 48	 2130	648	1349	2065	457	1862	 1457	 894	2159	 2605	 1509	1786	532	1670	843	 1364	 903	456	 2592	2255	1355	 1910	1050	 1690	 2408	 1137	2104	 1994	 1989	 83	 1289	 987	 1406	 6	 2778	 841	 900	 1762	1538	2059	2883	2369	2435	783	 1394	1047	2673	 1026	606	2716	382	 895	 2421	 869	 2148	2068	 676	 1834	 1193	 1059	 1293	 271	 1425	 217	
 514	 2432	1924	185	1771	2447	1993	2049	2263	2014	 185	 2447	997	1166	2859	488	2419	741	1252	1835	808	2611	 28	2512	 2263	 2014	 2512	2432	2302	797	2431	1413	2809	1478	2340	 2047	 2528	 1734	 797	 2611	 1835	 987	 2507	108	
 2712	2571	 1844	617	 1458	 1850	1054	312	1545	 234	 2895	 655	 1264	682	 852	50	 1770	2660	829	2874	 1411	16	 2268	992	 2470	 2125	946	 2240	247	 820	 2765	213	565	2077	663	875	1804	2887	2591	1284	595	738	2258	1848	831	65	 135	 50	 1039	98	 791	2565	 700	 2174	2106	110	 2309	1445	1562	482	586	 2716	 792	15	
 44	368	 1055	 969	 714	1749	2088	13	 1216	1408	1185	2028	 13	2246	 821	 29	701	 104	2736	1068	2265	 2161	 188	 2061	 1763	248	2865	2067	122	2046	1537	2031	 2618	1566	1240	2095	1449	509	2218	1088	2059	1542	678	1617	1852	702	1763	2061	1353	1666	188	2836	611	1333	1014	 2265	285	131	282	629	623	720	733	2202	355	1744	1050	1055	1241	 1408	1059	571	
2712	 2571	 149	 247	 617	1458	2268	1844	1850	 829	 1545	 1054	1411	655	234	223	 98	852	 16	 50	 2660	 2874	820	622	 2887	2751	 2106	2141	 1848	 595	 2258	 682	946	1770	 2565	 1804	 15	 663	 946	 875	 565	2190	 2591	 738	 1284	 2077	 831	 213	 312	 1445	2470	791	700	135	1264	50	1039	792	2240	1897	2125	2309	 1562	 586	540	 894	577	203	
 187	 476	866	540	329	 1007	673	 2594	 2719	859	2693	 380	 1979	 1639	 1666	836	1491	2148	2583	427	2415	2498	1356	2344	2640	2257	710	1424	1247	1641	500	1577	1596	1609	2211	1024	1032	814	659	1659	2752	945	1770	232	1069	344	2879	468	692	2642	445	628	87	2555	1703	57	2509	610	2338	1525	2352	761	2047	91	 1177	 673	 221	 320	275	381	 711	 1840	
 1704	811	 2350	 1200	 590	708	953	24	1417	2350	 2877	 2737	1746	2741	1190	662	2402	736	2639	1866	 148	 1191	422	2330	781	 1431	1200	 2572	 1204	2802	1688	582	2040	1707	243	1355	850	 2050	411	1972	574	 1161	 1688	 2184	 981	 2478	 1186	 163	2384	 850	 2600	712	2141	
48	219	 623	2299	2839	 571	 48	415	 278	 738	2286	1587	 2286	2288	 2335	624	623	 984	 1670	 369	 282	2503	2023	788	1706	 1910	 1014	 788	 807	807	 1706	 2716	 1287	149	 2603	 1425	 2895	996	 1589	1008	894	 574	 2883	 1395	 1099	 2188	 800	 2351	 1830	 783	 1603	1014	2188	2190	 2299	 1241	 1059	2654	 624	1549	 1390	 1025	 561	1300	1063	 1541	 78	
1704	 811	 1355	1200	 2350	590	 574	1426	 1417	2737	2877	 736	 708	 411	148	 2330	 781	483	1431	 2384	513	2572	1045	1204	 2040	 582	 243	 2802	 1200	 2741	 1190	 953	 2402	 1746	 24	 662	 850	 1688	 1707	 2639	 1972	 1866	2770	574	1688	1186	1161	981	2184	2478	521	2605	 422	2384	 2700	 1632	 712	 2141	1355	1191	 1426	2029	434	822	 483	2514	
1265	 755	 398	810	 1142	2716	931	 1222	 1449	2096	2449	 1620	1400	1567	2701	1345	1279	 1360	 2024	 661	 511	 819	 306	 684	 247	2398	614	 671	2696	2025	 2716	1600	2141	1142	 810	1702	 2449	 2141	534	779	 2490	 1332	 1887	634	2711	2115	2367	2085	2043	1637	 2397	 2115	 2276	 2075	1613	1076	103	 1702	
2139	1770	 2625	2719	246	 2475	 1732	1840	 636	2370	1034	 1297	1985	 134	 917	 1155	 2198	 2781	 784	 1123	670	1308	2649	 1575	2083	971	1136	48	804	 1280	 1874	 1910	 1196	 123	 48	2884	 1254	 2585	1366	 1750	 2567	 205	 638	 949	 2036	 1691	2677	 1122	 248	1135	165	 1873	 329	 2246	 1390	 1790	 515	1669	 1353	 2468	 2645	 1917	 1841	 1317	2517	 311	 1828	161	 1389	 2613	 2592	 2223	 1053	 2513	 1730	 2518	 1549	 2874	 2716	 1880	 510	
2087	979	 2480	 2100	1113	 2589	 831	 1658	 1025	 2595	 1815	 1752	2167	723	219	 220	 1390	 1031	 291	 2678	 637	 766	 1578	 1456	 1142	 381	 569	 682	 98	 1510	 904	 2571	1142	 1086	 1310	 946	 667	 60	 146	 2676	 299	381	 2060	 1412	734	800	569	2459	1159	 663	
 2087	 979	2480	 381	831	2100	1578	 1113	1658	2595	1815	1752	2589	 1142	1025	 2167	 723	 616	 219	220	1390	1031	98	1142	1510	569	637	2678	291	682	381	60	667	299	946	146	1412	1086	2676	663	2060	1310	1096	2571	 569	 734	 2459	 800	 1939	805	1476	 900	 47	1033	178	63	1456	 1159	
 776	2543	 2553	2550	2034	2732	859	2553	1291	1027	528	2099	324	138	885	2005	2715	 711	 472	 1483	 2207	1491	866	 1344	 2296	 2195	 722	 2383	170	860	344	986	 1879	 2800	 499	 1521	 211	 644	 1896	 1845	 2746	1286	628	2371	1592	746	2530	290	187	2383	722	2296	2195	1344	 232	
1604	 68	285	 2733	1033	2661	 1070	 1295	2517	1306	 2517	 2141	 835	 1071	 2675	920	840	 635	 2587	 47	 2895	 1981	 735	935	 939	2714	977	573	 1874	891	436	940	48	 1570	 111	 2366	 1902	 720	 935	1369	1987	181	1085	111	844	137	 1548	 2046	 2053	 109	1902	899	 2319	1436	 137	1814	 190	2314	1192	2019	2078	149	2364	 1101	
776	2553	 2543	1491	 2550	 2034	 2732	 859	 2553	 1291	 528	 138	 1027	 2099	 324	 885	 170	 2005	 2715	 746	 2371	472	1879	1483	2207	711	1344	2296	2195	722	2383	 344	 860	 986	2746	2800	 1286	 1592	1845	211	1521	499	1896	 628	644	232	 2530	 2899	 2383	 722	 2195	 2296	 1344	 290	 1154	 1556	 1003	
 1276	695	 220	1729	 2895	20	1812	 1738	 865	1142	81	1516	 2519	 373	2251	672	863	1180	 2073	 437	882	 433	 536	2714	1150	2895	 853	2339	 1936	219	1770	1960	 1390	 2468	79	1443	1689	2102	1981	2092	 773	162	843	2780	2849	2255	 2109	 1350	 314	2471	731	 1869	2687	
 1247	1247	1893	 344	 1762	1855	 1855	344	 1024	541	1762	187	 200	2415	 894	894	 908	182	 2163	1024	 2211	1388	 550	 1046	 1388	 845	 987	 182	2055	908	1965	92	48	 48	2211	806	1585	 806	 1585	 765	 225	 320	 348	 2393	563	2821	 2821	 1939	 563	2142	2347	1046	 631	631	 1847	 1858	 2347	 541	1605	
 1761	 881	2032	2329	628	 2114	 1583	2154	887	1724	 1995	2719	 364	2716	 2517	1235	1500	1622	919	 1730	 1836	 1205	881	 849	 1560	 1696	825	1682	1417	108	 2439	 2716	2842	 194	 2200	2114	1168	 1665	2352	2047	2181	2501	1700	1836	 1143	 2181	 2465	 438	1503	2540	 686	 349	 2387	 1282	 21	1282	2840	2439	1422	
 47	 199	674	 44	2386	778	 2120	456	 2684	216	1664	1670	1495	432	2538	1940	1236	607	 604	336	 2563	1050	355	1744	2202	 2366	1652	733	2246	1185	874	5	1614	1036	1901	2159	664	1646	2369	2527	158	942	1451	1031	2185	 2193	 1211	2790	 1818	 336	 1906	 607	1329	749	285	1699	440	
 2396	2496	2396	 2549	2716	 2592	 2568	 1063	2225	 2225	1990	 2716	1766	 1856	1950	2141	2568	2783	 1060	 273	 1363	835	801	208	 835	 196	 801	 2783	1568	 1990	424	2549	 208	 48	680	2816	273	1060	1363	 2816	 1973	 2472	335	375	1300	924	 1437	 969	 1955	
 370	1618	1880	1245	 2232	2232	 1770	 795	795	 1245	 340	2124	2736	 2602	2602	1493	1072	2455	2513	1053	 230	 2736	475	 2149	 2245	 2124	1110	1739	1062	2872	1229	2030	 1739	 1975	 1785	 1778	 2020	 1888	1327	1214	1321	1035	1818	1011	 313	 2410	 1999	 2494	 1110	
 2693	 1173	1437	 1521	2340	2415	997	427	 347	2316	2630	464	1885	1678	 1680	 641	 2423	 1242	1450	94	1521	 1659	 2703	1046	2	126	2229	127	2423	2593	2197	2642	587	388	1810	241	1023	8	1325	 512	 1861	 2729	1927	2780	525	 490	 1078	 2249	 1075	 402	2280	 301	258	 2422	187	 2716	2703	476	 912	
 1329	917	1382	2102	 904	 1124	1034	967	 639	 110	2293	452	1922	 804	 1308	 1338	1091	2625	1988	2628	2579	 231	 2358	1218	 1770	1721	 2748	 2051	 2454	 2215	1844	2007	2337	1114	559	 405	2203	1036	2580	2363	2634	 2309	 2734	 2337	 426	 2155	 1073	 2874	89	 2492	 93	1227	1873	 2625	1646	 682	1557	2719	 1840	 507	
 1586	363	 363	 1886	1537	1886	 1537	 1770	 965	965	1043	1586	 2044	540	 720	720	2499	1364	1034	 1667	 1065	 2499	1667	1065	 763	 1043	 423	 1786	423	763	1047	509	 2506	 2126	2632	2506	 1047	 1240	 557	2157	 2157	1240	557	2435	1786	 2435	 450	450	 1185	1805	 1729	
1139	 2627	 2428	2319	1004	 1612	2517	 374	2834	867	2619	 2833	1909	1477	2688	2275	 1730	 2766	 397	 285	 2464	 1869	 416	 890	 1346	 1770	 2396	 2472	 153	 2694	 1118	 1006	 2436	 2682	 2508	925	161	 2539	2553	1709	238	2525	2546	549	1441	1827	 1589	 2095	 1441	 549	2180	 1584	 328	 1665	413	2891	1597	
2529	 2726	 667	1086	 539	 591	1207	352	1373	1591	2194	 1981	 996	 2412	 818	 360	2284	2322	 1636	 454	455	946	 1393	 553	 265	 2322	553	573	2202	2262	265	1310	1147	 2289	874	 558	1813	 1824	1031	 2318	 1918	996	2556	 2320	2644	
 2517	 564	2246	674	168	1125	2000	 1354	 2698	1467	67	397	2603	685	362	 155	 1522	 2230	 2719	 2563	2625	1730	540	 244	2160	 2603	521	2646	 1333	2766	688	693	1359	1447	2395	 58	 397	 2035	 590	 2527	 1163	 964	2430	 1932	2294	1527	 2716	 2601	1348	2464	1806	 2414	1154	1142	2114	259	2827	48	2364	 897	 1840	1038	
370	 1618	176	 798	340	 475	1770	2268	2232	 1072	 1493	230	1818	2245	 1351	 1035	726	 1818	2149	 1880	 1053	 2513	 2232	 2124	 1110	 1327	 1011	 2736	 2030	 1062	 2872	 1229	 1245	 1739	 956	1975	1739	 2416	1785	 506	 1919	 769	2725	 1321	 1214	 786	813	1512	799	 2455	
1329	293	 1050	 2102	1770	 2564	 561	 2580	 2086	 452	 1537	295	1625	 456	1601	48	 48	 967	 1382	 2203	 1036	 1218	 2007	 2337	 1922	 2363	 559	 2293	 1114	 2634	 5	 2267	 2532	 2003	 1034	 2372	 1693	 557	 2157	 2341	231	664	2337	2051	2155	1175	1931	 1614	 2858	725	1607	
904	 1443	946	 1428	 1482	 139	139	 1218	 333	 856	 1922	 2324	 2307	 904	1319	395	 1934	 292	2644	 1770	1721	1187	1122	1218	 2087	 2863	 2293	 1557	 2274	948	 1034	 47	772	875	870	2376	649	991	1974	 1832	2214	1663	2192	1804	2042	 2765	 595	 44	
199	 674	 778	2120	 432	 2538	 1495	 1646	2684	 456	1818	 1664	 2369	 2527	 1236	 607	 1744	 216	 1670	 2202	 942	 158	1211	 2790	 1185	 336	2358	439	604	2068	
 2529	2726	667	 1086	539	 1207	 1373	 1591	 2194	2320	996	2412	591	818	360	 352	 2322	1636	 1813	 1147	 2284	1393	2322	553	265	 553	 2262	 2202	 573	 2094	 265	 1310	 946	 455	2289	558	1824	1918	2318	 2556	1031	
 2183	1831	 2891	2874	1359	 618	 1649	 608	2891	2362	1116	2353	1429	69	41	 2456	 752	658	2760	 459	 1487	 1171	2141	 573	 328	618	309	529	2754	624	 2182	 1051	1754	467	 2235	1758	 1736	 2323	1963	 10	 289	 2054	2610	1842	 1246	 820	2517	 1770	269	2521	
398	 1613	 823	1012	 2085	 1872	 755	2085	 2043	1613	1410	 1142	 1600	1142	 2141	103	 810	1076	 2701	 1400	 2115	 1637	 2367	 1567	 1279	 1345	2043	1619	2250	 23	 634	 1226	125	494	 125	 494	 934	
 293	2564	1050	2610	 1770	561	 969	 943	 48	248	1693	2086	 624	2003	2104	 2818	 725	 295	 2463	 1625	 1601	2580	456	48	540	1537	 1333	557	2372	2157	2341	2532	2267	5	 1287	 848	 1267	 664	 1175	 1759	 1535	2218	1614	2858	 1931	 149	
476	 1989	83	2834	 925	1600	 1315	925	 2509	 329	1398	133	1117	 762	2114	 2642	 628	 2555	 859	 761	 57	 2352	 610	 87	 1525	 427	 2338	 445	 1703	 2583	 1848	1128	881	 2528	 1771	 2512	 1734	 2546	 1784	 2392	 2119	 978	2829	 2693	 2047	 1533	 1417	 1380	 1650	
2693	1521	 2340	1680	 997	 1885	2316	 1680	 1413	1413	347	 464	 587	 1678	 1252	1252	 2217	2217	1242	 1450	 1521	2703	 2642	 258	 126	 2229	 427	 2423	 1046	 127	 2630	 2316	2249	 2780	 525	 1927	 1437	1626	1075	301	402	 2415	 2703	 2432	2432	 2593	2142	
2627	 1004	 2319	 238	1612	 867	 2834	 413	 538	2833	 1665	 925	 2553	 1709	 1827	 2525	 1441	 549	 1597	 2546	1048	1947	549	1441	2095	1767	1476	599	172	 1650	
 1491	 866	479	1007	 673	1040	776	1690	1552	 1355	1747	2880	1556	1639	2594	1451	 921	 2517	1154	187	 1729	1806	711	2094	2566	746	2371	170	880	1666	1177	1979	673	380	221	 1228	 2568	 275	 2150	 2643	 1455	 1945	 693	 1426	 1203	
 538	2359	 2842	1690	 1597	2717	1564	1346	2833	1435	 2354	2191	 2735	1048	 477	950	1154	2114	2430	368	1827	1286	1012	2525	2088	 228	 989	 1528	 2461	 1600	 2119	 705	 2588	881	1213	927	796	1519	 2673	 1877	1528	 2143	 180	 2517	1947	 2141	1612	 1426	 1355	 1729	
538	 2359	2842	1597	2517	1600	 2717	 2833	 1564	 1346	 1947	 1435	2735	 2627	 1154	 2430	413	 1012	 1827	 1612	 2525	 1286	 2088	 368	2461	989	1528	2119	705	228	477	 1519	 1213	 927	 796	 1528	2143	180	2148	 2191	 2114	 454	 1380	
2517	 674	564	 1125	1354	2563	 2000	 67	 1467	 2827	1522	 685	 362	 397	 2646	 2603	2230	540	2603	 1183	 1142	 1187	 2246	 1359	 1690	 259	 2032	 1348	2527	590	 1447	 2395	 1236	1932	2664	2199	155	2601	 2114	 2464	 2766	 2430	 2625	 2160	 939	 2364	 1154	 285	 693	
2433	 401	1096	 2433	 1121	925	1981	 2409	1770	281	 663	 1770	 2388	 299	 1149	495	1802	2502	 2277	 302	896	2204	 2232	 2178	 1981	 1802	 495	 925	484	287	 2259	 60	 1638	
 2610	 2580	 2332	 2141	 2665	 2003	943	2003	2161	2615	 2632	2463	2544	85	2511	1569	 603	2141	409	48	 2104	 2567	2231	624	1759	1535	1984	376	592	1249	584	75	2582	149	1987	1910	924	1770	848	1543	 943	2004	993	
1989	 83	 925	 2834	 1600	925	 2114	1315	 1398	 133	 1117	1380	762	 2467	 1128	 881	1771	1734	2512	2528	299	2546	2509	2392	1784	2523	2119	1809	2277	302	1848	2189	 2829	1142	1048	 47	2493	2896	
1173	 2709	2580	2665	2171	2003	2141	2140	 2615	1285	 2003	 969	 2544	 1325	 1023	 85	 2511	 94	 1860	782	727	1775	1250	 2316	2315	546	508	 2630	 241	 1810	 8	 376	 592	 584	 2810	 846	 2807	912	 943	
 1012	823	755	 398	 2084	1872	1661	 103	 1076	 1620	129	 2730	1100	 1410	 2864	677	 2404	1613	 1869	1226	634	23	 1619	 2250	446	2458	 197	1768	 2789	934	 2710	173	1870	2774	
1894	 1446	 1084	 967	 2299	1059	1241	 998	 2131	2492	 1578	 44	1589	456	1875	 2421	616	140	249	2421	 2844	682	93	1830	 1994	895	900	 691	 2619	1770	 720	 1047	
 1096	1121	663	 2433	 281	2388	 2204	 896	1770	925	979	 663	2277	302	2259	2433	 1121	2178	2232	299	60	 1650	
